5.00000000000000000e-01 1.36462543388950308e-01
3.65228422023827493e-01 1.31402272255123298e-01
6.34771577976172452e-01 1.31402272255123298e-01
2.40451935396594096e-01 1.16596882295995199e-01
7.59548064603405848e-01 1.16596882295995199e-01
1.34923997212975322e-01 9.31451054638671311e-02
8.65076002787024678e-01 9.31451054638671311e-02
5.64687001159523416e-02 6.27901847324523060e-02
9.43531299884047714e-01 6.27901847324523060e-02
1.08856709269715135e-02 2.78342835580868316e-02
9.89114329073028431e-01 2.78342835580868316e-02
