4.37383295744265543e-01 1.24573522906701400e-01
5.62616704255734401e-01 1.24573522906701400e-01
3.16084250500909936e-01 1.16746268269177403e-01
6.83915749499090064e-01 1.16746268269177403e-01
2.06341022856691259e-01 1.01583713361533004e-01
7.93658977143308686e-01 1.01583713361533004e-01
1.15048662902847654e-01 8.00391642716731105e-02
8.84951337097152346e-01 8.00391642716731105e-02
4.79413718147625456e-02 5.34696629976592133e-02
9.52058628185237454e-01 5.34696629976592133e-02
9.21968287664037822e-03 2.35876681932559104e-02
9.90780317123359566e-01 2.35876681932559104e-02
