5.00000000000000000e-01 1.16275776615436893e-01
3.84770842022432613e-01 1.13141590131448602e-01
6.15229157977567387e-01 1.13141590131448602e-01
2.75753624481776538e-01 1.03908023768444296e-01
7.24246375518223462e-01 1.03908023768444296e-01
1.78825330279829886e-01 8.90729903809728690e-02
8.21174669720170058e-01 8.90729903809728690e-02
9.92109546333450609e-02 6.94367551098936248e-02
9.00789045366654939e-01 6.94367551098936248e-02
4.12008003885110385e-02 4.60607499188642328e-02
9.58799199611488961e-01 4.60607499188642328e-02
7.90847264070593248e-03 2.02420023826579386e-02
9.92091527359294068e-01 2.02420023826579386e-02
