4.45972525646328166e-01 1.07631926731578897e-01
5.54027474353671834e-01 1.07631926731578897e-01
3.40443815536055183e-01 1.02599231860647802e-01
6.59556184463944817e-01 1.02599231860647802e-01
2.42375681820922950e-01 9.27691987389689110e-02
7.57624318179077050e-01 9.27691987389689110e-02
1.56353547594157261e-01 7.86015835790967732e-02
8.43646452405842684e-01 7.86015835790967732e-02
8.63993424651174902e-02 6.07592853439515926e-02
9.13600657534882510e-01 6.07592853439515926e-02
3.57825581682132410e-02 4.00790435798800970e-02
9.64217441831786815e-01 4.00790435798800970e-02
6.85809565159384293e-03 1.75597301658759301e-02
9.93141904348406213e-01 1.75597301658759301e-02
