5.00000000000000000e-01 1.01289120962780602e-01
3.99402953001282757e-01 9.92157426635557893e-02
6.00597046998717188e-01 9.92157426635557893e-02
3.02924326461218307e-01 9.30805000077811057e-02
6.97075673538781748e-01 9.30805000077811057e-02
2.14513913695730585e-01 8.31346029084969601e-02
7.85486086304269415e-01 8.31346029084969601e-02
1.37791134319914965e-01 6.97853389630771620e-02
8.62208865680085035e-01 6.97853389630771620e-02
7.58967082947863969e-02 5.35796102335859697e-02
9.24103291705213659e-01 5.35796102335859697e-02
3.13633037996470243e-02 3.51830237440540622e-02
9.68636696200352976e-01 3.51830237440540622e-02
6.00374098975731130e-03 1.53766209980586294e-02
9.93996259010242689e-01 1.53766209980586294e-02
