4.52493745081181287e-01 9.47253052275342511e-02
5.47506254918818769e-01 9.47253052275342511e-02
3.59198224610370542e-01 9.13017075224617919e-02
6.40801775389629458e-01 9.13017075224617919e-02
2.70991611171386260e-01 8.45782596975012679e-02
7.29008388828613740e-01 8.45782596975012679e-02
1.91061877798678115e-01 7.47979944082883680e-02
8.08938122201321885e-01 7.47979944082883680e-02
1.22297795822498501e-01 6.23144856277669384e-02
8.77702204177501555e-01 6.23144856277669384e-02
6.71843988060841224e-02 4.75792558412463928e-02
9.32815601193915933e-01 4.75792558412463928e-02
2.77124884633836999e-02 3.11267619693239503e-02
9.72287511536616300e-01 3.11267619693239503e-02
5.29953250417503074e-03 1.35762297058770499e-02
9.94700467495824969e-01 1.35762297058770499e-02
