5.00000000000000000e-01 8.97232351781032667e-02
4.10757909252076059e-01 8.82813526834963225e-02
5.89242090747923997e-01 8.82813526834963225e-02
3.24384118273061850e-01 8.40020510782250179e-02
6.75615881726938206e-01 8.40020510782250179e-02
2.43654731456761531e-01 7.70228805384051418e-02
7.56345268543238469e-01 7.70228805384051418e-02
1.71164420391654637e-01 6.75681842342627376e-02
8.28835579608345308e-01 6.75681842342627376e-02
1.09242998051599316e-01 5.59419235967019771e-02
8.90757001948400684e-01 5.59419235967019771e-02
5.98804231365070438e-02 4.25180741585895888e-02
9.40119576863492901e-01 4.25180741585895888e-02
2.46622391156161025e-02 2.77297646869936014e-02
9.75337760884383842e-01 2.77297646869936014e-02
4.71226234279131795e-03 1.20741514342739692e-02
9.95287737657208682e-01 1.20741514342739692e-02
