4.57612493479132354e-01 8.45711914815718002e-02
5.42387506520867646e-01 8.45711914815718002e-02
3.74056887154247231e-01 8.21382418729163649e-02
6.25943112845752769e-01 8.21382418729163649e-02
2.94124419268578685e-01 7.73423375631326210e-02
7.05875580731421315e-01 7.73423375631326210e-02
2.20114584463026230e-01 7.03214573353253269e-02
7.79885415536973770e-01 7.03214573353253269e-02
1.54156478469823388e-01 6.12776033557392297e-02
8.45843521530176612e-01 6.12776033557392297e-02
9.81475205137384288e-02 5.04710220531435771e-02
9.01852479486261571e-01 5.04710220531435771e-02
5.36987667512221489e-02 3.82128651274445327e-02
9.46301233248777907e-01 3.82128651274445327e-02
2.20880252143011435e-02 2.48572744474848985e-02
9.77911974785698801e-01 2.48572744474848985e-02
4.21741578953455098e-03 1.08080067632416593e-02
9.95782584210465505e-01 1.08080067632416593e-02
