5.00000000000000000e-01 8.05272249243918492e-02
4.19820677179887303e-01 7.94844216969771700e-02
5.80179322820112642e-01 7.94844216969771700e-02
3.41717950018185113e-01 7.63830210329298348e-02
6.58282049981814943e-01 7.63830210329298348e-02
2.67714629312019559e-01 7.13033510868033016e-02
7.32285370687980386e-01 7.13033510868033016e-02
1.99727347669159505e-01 6.43769812696681071e-02
8.00272652330840550e-01 6.43769812696681071e-02
1.39516911332385307e-01 5.57833227736669879e-02
8.60483088667614693e-01 5.57833227736669879e-02
8.86426717314285906e-02 4.57450108112249995e-02
9.11357328268571409e-01 4.57450108112249995e-02
4.84220481925910495e-02 3.45222713688206131e-02
9.51577951807409006e-01 3.45222713688206131e-02
1.98959239325849913e-02 2.24071133828497998e-02
9.80104076067415009e-01 2.24071133828497998e-02
3.79657807820782400e-03 9.73089411486323906e-03
9.96203421921792120e-01 9.73089411486323906e-03
