4.61736739433251331e-01 7.63766935653629186e-02
5.38263260566748669e-01 7.63766935653629186e-02
3.86107074429177466e-01 7.45864932363018707e-02
6.13892925570822534e-01 7.45864932363018707e-02
3.13146955642290226e-01 7.10480546591910206e-02
6.86853044357709774e-01 7.10480546591910206e-02
2.44566499024586437e-01 6.58443192245883185e-02
7.55433500975413619e-01 6.58443192245883185e-02
1.81973159636742488e-01 5.90972659807592129e-02
8.18026840363257568e-01 5.90972659807592129e-02
1.26834046769924602e-01 5.09650599086202208e-02
8.73165953230075398e-01 5.09650599086202208e-02
8.04415140888906088e-02 4.16383707883523774e-02
9.19558485911109447e-01 4.16383707883523774e-02
4.38827858743370269e-02 3.13360241670545270e-02
9.56117214125662973e-01 3.13360241670545270e-02
1.80140363610430954e-02 2.03007149001934693e-02
9.81985963638956960e-01 2.03007149001934693e-02
3.43570040745255767e-03 8.80700356957605894e-03
9.96564299592547442e-01 8.80700356957605894e-03
