5.00000000000000000e-01 7.30405668248452072e-02
4.27219072919552467e-01 7.22622019949850231e-02
5.72780927080447588e-01 7.22622019949850231e-02
3.55989341598799469e-01 6.99436973955365748e-02
6.44010658401200531e-01 6.99436973955365748e-02
2.87828939896280611e-01 6.61344693166687342e-02
7.12171060103719444e-01 6.61344693166687342e-02
2.24190582056390086e-01 6.09157080268642667e-02
7.75809417943609914e-01 6.09157080268642667e-02
1.66430597901293831e-01 5.43986495835741893e-02
8.33569402098706114e-01 5.43986495835741893e-02
1.15780018262161055e-01 4.67222117280169311e-02
8.84219981737838889e-01 4.67222117280169311e-02
7.33183177083413518e-02 3.80500568141896520e-02
9.26681682291658593e-01 3.80500568141896520e-02
3.99503329247996031e-02 2.85672127134285990e-02
9.60049667075200341e-01 2.85672127134285990e-02
1.63865807168468436e-02 1.84768948854262503e-02
9.83613419283153156e-01 1.84768948854262503e-02
3.12391468980527387e-03 8.00861412888716727e-03
9.96876085310194782e-01 8.00861412888716727e-03
