4.65130363340138908e-01 6.96259364278159903e-02
5.34869636659861092e-01 6.96259364278159903e-02
3.96069786655889322e-01 6.82707491730075861e-02
6.03930213344110678e-01 6.82707491730075861e-02
3.29032089553957907e-01 6.55867523935311919e-02
6.70967910446042093e-01 6.55867523935311919e-02
2.65322081006621469e-01 6.16261884052562089e-02
7.34677918993378531e-01 6.16261884052562089e-02
2.06179798246544199e-01 5.64661480402696078e-02
7.93820201753455801e-01 5.64661480402696078e-02
1.52756368406658627e-01 5.02070722214404824e-02
8.47243631593341373e-01 5.02070722214404824e-02
1.06091597010395944e-01 4.29708031085338574e-02
8.93908402989604056e-01 4.29708031085338574e-02
6.70937111398499098e-02 3.48982342122602374e-02
9.32906288860150035e-01 3.48982342122602374e-02
3.65216139064130085e-02 2.61466675763416395e-02
9.63478386093586936e-01 2.61466675763416395e-02
1.49697510822856539e-02 1.68874507924070792e-02
9.85030248917714291e-01 1.68874507924070792e-02
2.85270725880037990e-03 7.31399764913609994e-03
9.97147292741199620e-01 7.31399764913609994e-03
