5.00000000000000000e-01 6.68272860930530926e-02
4.33371587850766959e-01 6.62310197023483066e-02
5.66628412149233096e-01 6.62310197023483066e-02
3.67932159514827495e-01 6.44528610940410807e-02
6.32067840485172505e-01 6.44528610940410807e-02
3.04849480984854593e-01 6.15245421533647668e-02
6.95150519015145463e-01 6.15245421533647668e-02
2.45249261076996239e-01 5.74983201112056821e-02
7.54750738923003706e-01 5.74983201112056821e-02
1.90195062118176939e-01 5.24460457322707130e-02
8.09804937881823061e-01 5.24460457322707130e-02
1.40669318434024915e-01 4.64578830300175771e-02
8.59330681565975141e-01 4.64578830300175771e-02
9.75557991905800503e-02 3.96407058883594676e-02
9.02444200809420005e-01 3.96407058883594676e-02
6.16238208647791885e-02 3.21162107042629180e-02
9.38376179135220756e-01 3.21162107042629180e-02
3.35144565869919253e-02 2.40188358655423310e-02
9.66485543413008075e-01 2.40188358655423310e-02
1.37287643909423940e-02 1.54940029284897206e-02
9.86271235609057606e-01 1.54940029284897206e-02
2.61533250122392147e-03 6.70592974357088565e-03
9.97384667498776079e-01 6.70592974357088565e-03
