4.67971553568697185e-01 6.39690976733760797e-02
5.32028446431302759e-01 6.39690976733760797e-02
4.04440566263191859e-01 6.29187281734141513e-02
5.95559433736808197e-01 6.29187281734141513e-02
3.42478660151918302e-01 6.08352364639017026e-02
6.57521339848081698e-01 6.08352364639017026e-02
2.83103246186977464e-01 5.77528340268627996e-02
7.16896753813022536e-01 5.77528340268627996e-02
2.27289264305580219e-01 5.37221350579828172e-02
7.72710735694419837e-01 5.37221350579828172e-02
1.75953174031512227e-01 4.88093260520569422e-02
8.24046825968487773e-01 4.88093260520569422e-02
1.29937904210722821e-01 4.30950807659766372e-02
8.70062095789277179e-01 4.30950807659766372e-02
8.99990070130485265e-02 3.66732407055401499e-02
9.10000992986951474e-01 3.66732407055401499e-02
5.67922364977994643e-02 2.96492924577183917e-02
9.43207763502200480e-01 2.96492924577183917e-02
3.08627239986336011e-02 2.21387194087099004e-02
9.69137276001366343e-01 2.21387194087099004e-02
1.26357220143452631e-02 1.42656943144668300e-02
9.87364277985654737e-01 1.42656943144668300e-02
2.40639000148934468e-03 6.17061489999360009e-03
9.97593609998510655e-01 6.17061489999360009e-03
