5.00000000000000000e-01 6.15880268633577227e-02
4.38567653694644788e-01 6.11212214951550176e-02
5.61432346305355212e-01 6.11212214951550176e-02
3.78066558139505793e-01 5.97278817678923921e-02
6.21933441860494152e-01 5.97278817678923921e-02
3.19413847095306069e-01 5.74291295728558207e-02
6.80586152904693931e-01 5.74291295728558207e-02
2.63498634277142485e-01 5.42598122371318325e-02
7.36501365722857515e-01 5.42598122371318325e-02
2.11168534879388525e-01 5.02679745335253211e-02
7.88831465120611419e-01 5.02679745335253211e-02
1.63216815763265799e-01 4.55141309914818271e-02
8.36783184236734146e-01 4.55141309914818271e-02
1.20370368481321210e-01 4.00703501675005111e-02
8.79629631518678790e-01 4.00703501675005111e-02
8.32786856195830150e-02 3.40191669061784621e-02
9.16721314380416930e-01 3.40191669061784621e-02
5.25040010608623375e-02 2.74523479879176004e-02
9.47495998939137607e-01 2.74523479879176004e-02
2.85127143855128384e-02 2.04695783506531614e-02
9.71487285614487162e-01 2.04695783506531614e-02
1.16680392702412372e-02 1.31774933075160701e-02
9.88331960729758707e-01 1.31774933075160701e-02
2.22151510475093739e-03 5.69689925051314414e-03
9.97778484895249118e-01 5.69689925051314414e-03
