4.70384953285343410e-01 5.91607076396311396e-02
5.29615046714656645e-01 5.91607076396311396e-02
4.11570589821554922e-01 5.83302217426482916e-02
5.88429410178445078e-01 5.83302217426482916e-02
3.53997580257021549e-01 5.66809082731598302e-02
6.46002419742978451e-01 5.66809082731598302e-02
2.98474122438256884e-01 5.42359202642882926e-02
7.01525877561743116e-01 5.42359202642882926e-02
2.45779642587747149e-01 5.10295805472127106e-02
7.54220357412252795e-01 5.10295805472127106e-02
1.96653853491190966e-01 4.71069001779570729e-02
8.03346146508808978e-01 4.71069001779570729e-02
1.51786369790021358e-01 4.25229471567426173e-02
8.48213630209978642e-01 4.25229471567426173e-02
1.11807025589660547e-01 3.73420748828298676e-02
8.88192974410339398e-01 3.73420748828298676e-02
7.72770286057509748e-02 3.16370231647874200e-02
9.22722971394249081e-01 3.16370231647874200e-02
4.86810690078464670e-02 2.54879126485739009e-02
9.51318930992153478e-01 2.54879126485739009e-02
2.64204666691428836e-02 1.89811916471813794e-02
9.73579533330857116e-01 1.89811916471813794e-02
1.08072770217644831e-02 1.22089255463159498e-02
9.89192722978235572e-01 1.22089255463159498e-02
2.05714942719154026e-03 5.27568630867150321e-03
9.97942850572808515e-01 5.27568630867150321e-03
