5.00000000000000000e-01 5.71104336894784972e-02
4.43013707195235029e-01 5.67381730544825671e-02
5.56986292804764971e-01 5.67381730544825671e-02
3.86770317280231590e-01 5.56262441784225875e-02
6.13229682719768410e-01 5.56262441784225875e-02
3.32003048180745552e-01 5.37891428942666033e-02
6.67996951819254448e-01 5.37891428942666033e-02
2.79425874124986540e-01 5.12508189088728972e-02
7.20574125875013460e-01 5.12508189088728972e-02
2.29724217710271572e-01 4.80443636850142533e-02
7.70275782289728372e-01 4.80443636850142533e-02
1.83546014026752413e-01 4.42115792718784720e-02
8.16453985973247587e-01 4.42115792718784720e-02
1.41493263130288149e-01 3.98024338865288832e-02
8.58506736869711906e-01 3.98024338865288832e-02
1.04114180464745909e-01 3.48744118831227981e-02
8.95885819535254146e-01 3.48744118831227981e-02
7.18960459908527527e-02 2.94917684299168016e-02
9.28103954009147247e-01 2.94917684299168016e-02
4.52588396612544352e-02 2.37247062603075307e-02
9.54741160338745565e-01 2.37247062603075307e-02
2.45497210926474696e-02 1.76485268787098595e-02
9.75450278907352475e-01 1.76485268787098595e-02
1.00382620192493999e-02 1.13431157980903100e-02
9.89961737980750600e-01 1.13431157980903100e-02
1.91036855550569262e-03 4.89949802564718009e-03
9.98089631444494252e-01 4.89949802564718009e-03
