4.72460355057982839e-01 5.50235065082375976e-02
5.27539644942017105e-01 5.50235065082375976e-02
4.17715358933309577e-01 5.43555961291470671e-02
5.82284641066690423e-01 5.43555961291470671e-02
3.63969186182410920e-01 5.30278829614232103e-02
6.36030813817589080e-01 5.30278829614232103e-02
3.11874241955460652e-01 5.10564837890303824e-02
6.88125758044539348e-01 5.10564837890303824e-02
2.62062887522440890e-01 4.84653289989649613e-02
7.37937112477559110e-01 4.84653289989649613e-02
2.15139764094299135e-01 4.52858721965164190e-02
7.84860235905700865e-01 4.52858721965164190e-02
1.71674452980567493e-01 4.15567086144506131e-02
8.28325547019432507e-01 4.15567086144506131e-02
1.32194560993184107e-01 3.73231071172843917e-02
8.67805439006815948e-01 3.73231071172843917e-02
9.71793145414104331e-02 3.26364619834998010e-02
9.02820685458589622e-01 3.26364619834998010e-02
6.70537387128024576e-02 2.75536728378583708e-02
9.32946261287197487e-01 2.75536728378583708e-02
4.21834868039339672e-02 2.21364673795021102e-02
9.57816513196066088e-01 2.21364673795021102e-02
2.28703596855309166e-02 1.64507138911521890e-02
9.77129640314469139e-01 1.64507138911521890e-02
9.34841731456365066e-03 1.05660562963856303e-02
9.90651582685436294e-01 1.05660562963856303e-02
1.77875121302278894e-03 4.56214129654725943e-03
9.98221248786977267e-01 4.56214129654725943e-03
