5.00000000000000000e-01 5.32396908591571197e-02
4.46860884933660385e-01 5.29380775486604713e-02
5.53139115066339615e-01 5.29380775486604713e-02
3.94323856916999449e-01 5.20366550388646903e-02
6.05676143083000551e-01 5.20366550388646903e-02
3.42984181066180061e-01 5.05456368799574798e-02
6.57015818933819995e-01 5.05456368799574798e-02
2.93423555912995737e-01 4.84819170472043023e-02
7.06576444087004263e-01 4.84819170472043023e-02
2.46203522437886180e-01 4.58688785696293802e-02
7.53796477562113765e-01 4.58688785696293802e-02
2.01859101430886090e-01 4.27361286830862733e-02
7.98140898569113855e-01 4.27361286830862733e-02
1.60892731198656769e-01 3.91191635678818928e-02
8.39107268801343231e-01 3.91191635678818928e-02
1.23768574132761433e-01 3.50589666275256395e-02
8.76231425867238567e-01 3.50589666275256395e-02
9.09072561923737754e-02 3.06015453285395714e-02
9.09092743807626169e-01 3.06015453285395714e-02
6.26810975399486048e-02 2.57974134512489600e-02
9.37318902460051451e-01 2.57974134512489600e-02
3.94098835234706346e-02 2.07010312593414215e-02
9.60590116476529365e-01 2.07010312593414215e-02
2.13572021109561527e-02 1.53702461010468104e-02
9.78642797889043847e-01 1.53702461010468104e-02
8.72724736929342271e-03 9.86604252806135354e-03
9.91272752630706577e-01 9.86604252806135354e-03
1.66027886970171457e-03 4.25845193937320499e-03
9.98339721130298230e-01 4.25845193937320499e-03
