4.74264078722341165e-01 5.14263264467794204e-02
5.25735921277658891e-01 5.14263264467794204e-02
4.23065043195708257e-01 5.08811948742027495e-02
5.76934956804291743e-01 5.08811948742027495e-02
3.72681536916055045e-01 4.97967102933976266e-02
6.27318463083945010e-01 4.97967102933976266e-02
3.23647637234560914e-01 4.81843685873221267e-02
6.76352362765439086e-01 4.81843685873221267e-02
2.76483115230955367e-01 4.60612611188930612e-02
7.23516884769044633e-01 4.60612611188930612e-02
2.31687925928990068e-01 4.34498936005414879e-02
7.68312074071009876e-01 4.34498936005414879e-02
1.89736908505378554e-01 4.03779476147101066e-02
8.10263091494621390e-01 4.03779476147101066e-02
1.51074752603342077e-01 3.68779873688526022e-02
8.48925247396657978e-01 3.68779873688526022e-02
1.16111283947586907e-01 3.29871149410902523e-02
8.83888716052413148e-01 3.29871149410902523e-02
8.52171188086158216e-02 2.87465781088095292e-02
9.14782881191384178e-01 2.87465781088095292e-02
5.87197321039736320e-02 2.42013364152970298e-02
9.41280267896026368e-01 2.42013364152970298e-02
3.68999762853628455e-02 1.93995962848135285e-02
9.63100023714637210e-01 1.93995962848135285e-02
1.99890675158462261e-02 1.43923539416616793e-02
9.80010932484153718e-01 1.43923539416616793e-02
8.16593836012641239e-03 9.23323415554547916e-03
9.91834061639873532e-01 9.23323415554547916e-03
1.55325796267524741e-03 3.98409624808330337e-03
9.98446742037324753e-01 3.98409624808330337e-03
