5.00000000000000000e-01 4.98602723967132289e-02
4.50222343923829260e-01 4.96125056133361469e-02
5.49777656076170795e-01 4.96125056133361469e-02
4.00939400332214702e-01 4.88716676931643598e-02
5.99060599667785354e-01 4.88716676931643598e-02
3.52640965009149210e-01 4.76451214561597475e-02
6.47359034990850790e-01 4.76451214561597475e-02
3.05807049195883529e-01 4.59450569468207379e-02
6.94192950804116471e-01 4.59450569468207379e-02
2.60903108977548759e-01 4.37883703042389397e-02
7.39096891022451241e-01 4.37883703042389397e-02
2.18375419296425344e-01 4.11964958807946313e-02
7.81624580703574656e-01 4.11964958807946313e-02
1.78646638537869829e-01 3.81951932993883081e-02
8.21353361462130227e-01 3.81951932993883081e-02
1.42111607706573384e-01 3.48142916177051828e-02
8.57888392293426616e-01 3.48142916177051828e-02
1.09133425791687555e-01 3.10873932805142104e-02
8.90866574208312390e-01 3.10873932805142104e-02
8.00398399268663074e-02 2.70515412124584312e-02
9.19960160073133748e-01 2.70515412124584312e-02
5.51199850258644597e-02 2.27468537636005483e-02
9.44880014974135540e-01 2.27468537636005483e-02
3.46215010516759403e-02 1.82161369561927300e-02
9.65378498948324060e-01 1.82161369561927300e-02
1.87480374535251570e-02 1.35045095924897097e-02
9.81251962546474843e-01 1.35045095924897097e-02
7.65704516742377050e-03 8.65931039515529209e-03
9.92342954832576174e-01 8.65931039515529209e-03
1.45625909026148026e-03 3.73541578962438819e-03
9.98543740909738520e-01 3.73541578962438819e-03
