4.75846167156130817e-01 4.82700442573638991e-02
5.24153832843869183e-01 4.82700442573638991e-02
4.27764019208601742e-01 4.78193600396374305e-02
5.72235980791398258e-01 4.78193600396374305e-02
3.80356318873931454e-01 4.69221995404022832e-02
6.19643681126068602e-01 4.69221995404022832e-02
3.34065698858936111e-01 4.55869393478819523e-02
6.65934301141063889e-01 4.55869393478819523e-02
2.89324361934682361e-01 4.38260465022019124e-02
7.10675638065317639e-01 4.38260465022019124e-02
2.46550045533885320e-01 4.16559621134733674e-02
7.53449954466114624e-01 4.16559621134733674e-02
2.06142121379618848e-01 3.90969478935351625e-02
7.93857878620381152e-01 3.90969478935351625e-02
1.68477866534892384e-01 3.61728970544242523e-02
8.31522133465107616e-01 3.61728970544242523e-02
1.33908940629855144e-01 3.29111113881809178e-02
8.66091059370144856e-01 3.29111113881809178e-02
1.02758102016028807e-01 2.93420467392677686e-02
8.97241897983971137e-01 2.93420467392677686e-02
7.53161931337150148e-02 2.54990296311880908e-02
9.24683806866285041e-01 2.54990296311880908e-02
5.18394221169739544e-02 2.14179490111133415e-02
9.48160577883025990e-01 2.14179490111133415e-02
3.25469620311301666e-02 1.71369314565107192e-02
9.67453037968869833e-01 1.71369314565107192e-02
1.76188722062468051e-02 1.26960326546310294e-02
9.82381127793753195e-01 1.26960326546310294e-02
7.19424422736580915e-03 8.13719736545283519e-03
9.92805755772634191e-01 8.13719736545283519e-03
1.36806907525921506e-03 3.50930500473504818e-03
9.98631930924740785e-01 3.50930500473504818e-03
