5.00000000000000000e-01 4.68842230801050017e-02
4.53184467072633324e-01 4.66782130327980591e-02
5.46815532927366732e-01 4.66782130327980591e-02
4.06780350586004202e-01 4.60619933216584176e-02
5.93219649413995853e-01 4.60619933216584176e-02
3.61195451423751535e-01 4.50409793303192876e-02
6.38804548576248465e-01 4.50409793303192876e-02
3.16830371125963295e-01 4.36241438094221723e-02
6.83169628874036761e-01 4.36241438094221723e-02
2.74074991363774667e-01 4.18239380335193520e-02
7.25925008636225333e-01 4.18239380335193520e-02
2.33305047606826188e-01 3.96561823974433680e-02
7.66694952393173867e-01 3.96561823974433680e-02
1.94878827081810480e-01 3.71399274219770675e-02
8.05121172918189520e-01 3.71399274219770675e-02
1.59134020015128608e-01 3.42972864093283591e-02
8.40865979984871448e-01 3.42972864093283591e-02
1.26384751775218906e-01 3.11532412651587404e-02
8.73615248224781094e-01 3.11532412651587404e-02
9.69188218629167264e-02 2.77354233158317795e-02
9.03081178137083329e-01 2.77354233158317795e-02
7.09951736617479567e-02 2.40738714093558515e-02
9.29004826338251988e-01 2.40738714093558515e-02
4.88416161282831940e-02 2.02007706658348003e-02
9.51158383871716806e-01 2.02007706658348003e-02
3.06528136944158036e-02 1.61501793161644806e-02
9.69347186305584252e-01 1.61501793161644806e-02
1.65885451550036311e-02 1.19577740508747393e-02
9.83411454844996369e-01 1.19577740508747393e-02
6.77213688467875885e-03 7.66085075646733785e-03
9.93227863115321297e-01 7.66085075646733785e-03
1.28765287677240492e-03 3.30311392379368900e-03
9.98712347123227540e-01 3.30311392379368900e-03
