4.77245089023448754e-01 4.54783701651299277e-02
5.22754910976551246e-01 4.54783701651299277e-02
4.31923821370408523e-01 4.51015221853203682e-02
5.68076178629591477e-01 4.51015221853203682e-02
3.87166654191775261e-01 4.43509489178469316e-02
6.12833345808224794e-01 4.43509489178469316e-02
3.43344459330268359e-01 4.32328698735178832e-02
6.56655540669731641e-01 4.32328698735178832e-02
3.00820361120677060e-01 4.17565498499228305e-02
6.99179638879322995e-01 4.17565498499228305e-02
2.59946727404836486e-01 3.99342221698859232e-02
7.40053272595163514e-01 3.99342221698859232e-02
2.21062249665126664e-01 3.77809873300159679e-02
7.78937750334873336e-01 3.77809873300159679e-02
1.84489136459735747e-01 3.53146879071278633e-02
8.15510863540264253e-01 3.53146879071278633e-02
1.50530443391868551e-01 3.25557607770382076e-02
8.49469556608131393e-01 3.25557607770382076e-02
1.19467561685063506e-01 2.95270679137622505e-02
8.80532438314936439e-01 2.95270679137622505e-02
9.15578860495331881e-02 2.62537072863390508e-02
9.08442113950466812e-01 2.62537072863390508e-02
6.70326808327177392e-02 2.27628057616766390e-02
9.32967319167282261e-01 2.27628057616766390e-02
4.60951611408377815e-02 1.90832968981937585e-02
9.53904838859162219e-01 1.90832968981937585e-02
2.89188012974464503e-02 1.52456903192230708e-02
9.71081198702553605e-01 1.52456903192230708e-02
1.56458687333278501e-02 1.12818609927474792e-02
9.84354131266672150e-01 1.12818609927474792e-02
6.38609179684523909e-03 7.22508137429751784e-03
9.93613908203154761e-01 7.22508137429751784e-03
1.21412310457902350e-03 3.11457027795434193e-03
9.98785876895420976e-01 3.11457027795434193e-03
