5.00000000000000000e-01 4.42433974535521371e-02
4.55814328362170396e-01 4.40702652151377314e-02
5.44185671637829604e-01 4.40702652151377314e-02
4.11974469417005218e-01 4.35522234985917731e-02
5.88025530582994782e-01 4.35522234985917731e-02
3.68823529395352012e-01 4.26933266960495619e-02
6.31176470604647988e-01 4.26933266960495619e-02
3.26699222784593069e-01 4.15002968644282919e-02
6.73300777215406931e-01 4.15002968644282919e-02
2.85931229241092932e-01 3.99824711211621275e-02
7.14068770758907068e-01 3.99824711211621275e-02
2.46838613379255667e-01 3.81517285777210266e-02
7.53161386620744278e-01 3.81517285777210266e-02
2.09727327625117754e-01 3.60223973862800334e-02
7.90272672374882301e-01 3.60223973862800334e-02
1.74887817667054801e-01 3.36111426345434491e-02
8.25112182332945254e-01 3.36111426345434491e-02
1.42592749221685633e-01 3.09368359830400896e-02
8.57407250778314367e-01 3.09368359830400896e-02
1.13094873856543710e-01 2.80204081061850609e-02
8.86905126143456290e-01 2.80204081061850609e-02
8.66250504538872979e-02 2.48846852006767601e-02
9.13374949546112758e-01 2.48846852006767601e-02
6.33904374873888177e-02 2.15542111630851116e-02
9.36609562512611182e-01 2.15542111630851116e-02
4.35728693203412121e-02 1.80550579317316912e-02
9.56427130679658788e-01 1.80550579317316912e-02
2.73274258960863325e-02 1.44146300544471303e-02
9.72672574103913723e-01 1.44146300544471303e-02
1.47811919803850778e-02 1.06614899557417892e-02
9.85218808019614922e-01 1.06614899557417892e-02
6.03211777807427518e-03 6.82541417418074635e-03
9.93967882221925780e-01 6.82541417418074635e-03
1.14671545019984222e-03 2.94171671022154307e-03
9.98853284549800158e-01 2.94171671022154307e-03
