4.78490900763145710e-01 4.29916378351973827e-02
5.21509099236854290e-01 4.29916378351973827e-02
4.35631948095307586e-01 4.26733428696693118e-02
5.64368051904692414e-01 4.26733428696693118e-02
3.93249553841567234e-01 4.20391094898309725e-02
6.06750446158432766e-01 4.20391094898309725e-02
3.51657502327985871e-01 4.10936333521698532e-02
6.48342497672014129e-01 4.10936333521698532e-02
3.11163726440155441e-01 3.98439144560358005e-02
6.88836273559844559e-01 3.98439144560358005e-02
2.72068027783289867e-01 3.82992053229353271e-02
7.27931972216710133e-01 3.82992053229353271e-02
2.34659857036877417e-01 3.64709425028265297e-02
7.65340142963122583e-01 3.64709425028265297e-02
1.99216170932009717e-01 3.43726619178682177e-02
8.00783829067990283e-01 3.43726619178682177e-02
1.65999381707239491e-01 3.20198986775077424e-02
8.34000618292760509e-01 3.20198986775077424e-02
1.35255414203221735e-01 2.94300721226624096e-02
8.64744585796778265e-01 2.94300721226624096e-02
1.07211884933896717e-01 2.66223569888799604e-02
8.92788115066103227e-01 2.66223569888799604e-02
8.20764165037623505e-02 2.36175417451329889e-02
9.17923583496237594e-01 2.36175417451329889e-02
6.00350995548014077e-02 2.04378754618224495e-02
9.39964900445198648e-01 2.04378754618224495e-02
4.12511127421704704e-02 1.71069053851536194e-02
9.58748887257829585e-01 1.71069053851536194e-02
2.58635078002462104e-02 1.36493107492843893e-02
9.74136492199753734e-01 1.36493107492843893e-02
1.39861544751510025e-02 1.00907576488677396e-02
9.86013845524849053e-01 1.00907576488677396e-02
5.70676054889390771e-03 6.45797364203278684e-03
9.94293239451106148e-01 6.45797364203278684e-03
1.08476875795709971e-03 2.78285983212252317e-03
9.98915231242042845e-01 2.78285983212252317e-03
