5.00000000000000000e-01 4.18841804965694522e-02
4.58164795522615020e-01 4.17372868129313873e-02
5.41835204477384980e-01 4.17372868129313873e-02
4.16623034880074017e-01 4.12976361182186280e-02
5.83376965119925983e-01 4.12976361182186280e-02
3.75666103604317181e-01 4.05683122542325122e-02
6.24333896395682819e-01 4.05683122542325122e-02
3.35581285058146495e-01 3.95544309187646909e-02
6.64418714941853450e-01 3.95544309187646909e-02
2.96649745340836990e-01 3.82631037852646169e-02
7.03350254659163010e-01 3.82631037852646169e-02
2.59144561098397230e-01 3.67033886242440766e-02
7.40855438901602770e-01 3.67033886242440766e-02
2.23328804069209130e-01 3.48862257778501730e-02
7.76671195930790814e-01 3.48862257778501730e-02
1.89453695795537780e-01 3.28243614363756334e-02
8.10546304204462276e-01 3.28243614363756334e-02
1.57756845434520343e-01 3.05322582616129913e-02
8.42243154565479601e-01 3.05322582616129913e-02
1.28460583009017359e-01 2.80259939991374593e-02
8.71539416990982696e-01 2.80259939991374593e-02
1.01770399745048867e-01 2.53231488274122986e-02
8.98229600254951133e-01 2.53231488274122986e-02
7.78735063297220087e-02 2.24426823312185789e-02
9.22126493670277991e-01 2.24426823312185789e-02
5.69375189222569578e-02 1.94048012509672706e-02
9.43062481077743042e-01 1.94048012509672706e-02
3.91092812937681167e-02 1.62308199237607385e-02
9.60890718706231883e-01 1.62308199237607385e-02
2.45138283689526060e-02 1.29430184952794708e-02
9.75486171631047450e-01 1.29430184952794708e-02
1.32534849717571013e-02 9.56452224454198280e-03
9.86746515028242843e-01 9.56452224454198280e-03
5.40701839284041252e-03 6.11939005015377843e-03
9.94592981607159587e-01 6.11939005015377843e-03
1.02770876104318898e-03 2.63652863974896904e-03
9.98972291238956811e-01 2.63652863974896904e-03
