4.79607426047710894e-01 4.07625146401928914e-02
5.20392573952289106e-01 4.07625146401928914e-02
4.38957987331066279e-01 4.04912468852985513e-02
5.61042012668933721e-01 4.04912468852985513e-02
3.98714773053941651e-01 3.99505166217639096e-02
6.01285226946058349e-01 3.99505166217639096e-02
3.59145595104917337e-01 3.91439223291054766e-02
6.40854404895082608e-01 3.91439223291054766e-02
3.20513779760282502e-01 3.80768317742231979e-02
6.79486220239717498e-01 3.80768317742231979e-02
2.83076415283811778e-01 3.67563462923717332e-02
7.16923584716188222e-01 3.67563462923717332e-02
2.47082641036034445e-01 3.51912535334494778e-02
7.52917358963965500e-01 3.51912535334494778e-02
2.12771989476096435e-01 3.33919689895701977e-02
7.87228010523903565e-01 3.33919689895701977e-02
1.80372792085159162e-01 3.13704666960665304e-02
8.19627207914840783e-01 3.13704666960665304e-02
1.50100659810407822e-01 2.91401995734986013e-02
8.49899340189592234e-01 2.91401995734986013e-02
1.22157048123014644e-01 2.67160099551661603e-02
8.77842951876985356e-01 2.67160099551661603e-02
9.67279161973416124e-02 2.41140309303793411e-02
9.03272083802658443e-01 2.41140309303793411e-02
7.39824890338189323e-02 2.13515792523372196e-02
9.26017510966181012e-01 2.13515792523372196e-02
5.40721304976838901e-02 1.84470407970123706e-02
9.45927869502316110e-01 1.84470407970123706e-02
3.71293339757077789e-02 1.54197502725875301e-02
9.62870666024292277e-01 1.54197502725875301e-02
2.32668345332351922e-02 1.22898698691161906e-02
9.76733165466764808e-01 1.22898698691161906e-02
1.25768357049232393e-02 9.07828885480661818e-03
9.87423164295076816e-01 9.07828885480661818e-03
5.13027286680722838e-03 5.80672235823433743e-03
9.94869727133192772e-01 5.80672235823433743e-03
9.75034732156210282e-04 2.50144037481967287e-03
9.99024965267843790e-01 2.50144037481967287e-03
