5.00000000000000000e-01 3.97638110697214331e-02
4.60278097695622279e-01 3.96381112841842423e-02
5.39721902304377776e-01 3.96381112841842423e-02
4.20807330001081115e-01 3.92618066436855873e-02
5.79192669998918941e-01 3.92618066436855873e-02
3.81837243769082124e-01 3.86372762723410090e-02
6.18162756230917876e-01 3.86372762723410090e-02
3.43614220375907053e-01 3.77684686614180309e-02
6.56385779624092947e-01 3.77684686614180309e-02
3.06379918014219266e-01 3.66608767071343114e-02
6.93620081985780734e-01 3.66608767071343114e-02
2.70369743845431942e-01 3.53215029853043774e-02
7.29630256154568002e-01 3.53215029853043774e-02
2.35811365669781281e-01 3.37588154831156423e-02
7.64188634330218663e-01 3.37588154831156423e-02
2.02923272521360998e-01 3.19826940693411915e-02
7.97076727478639002e-01 3.19826940693411915e-02
1.71913393283994520e-01 3.00043680442980791e-02
8.28086606716005535e-01 3.00043680442980791e-02
1.42977782052732649e-01 2.78363451704581495e-02
8.57022217947267295e-01 2.78363451704581495e-02
1.16299378534468256e-01 2.54923326460647012e-02
8.83700621465531744e-01 2.54923326460647012e-02
9.20468512849284548e-02 2.29871505544583209e-02
9.07953148715071601e-01 2.29871505544583209e-02
7.03735310000468961e-02 2.03366384239669212e-02
9.29626468999953159e-01 2.03366384239669212e-02
5.14164403535035675e-02 1.75575557490656696e-02
9.48583559646496433e-01 1.75575557490656696e-02
3.52954257566308605e-02 1.46674779919516891e-02
9.64704574243369084e-01 1.46674779919516891e-02
2.21123938376738827e-02 1.16846924160890799e-02
9.77887606162326062e-01 1.16846924160890799e-02
1.19506453332644536e-02 8.62811454686245906e-03
9.88049354666735491e-01 8.62811454686245906e-03
4.87423157265698404e-03 5.51739446958229678e-03
9.95125768427343016e-01 5.51739446958229678e-03
9.26308466783543061e-04 2.37647234581755094e-03
9.99073691533216457e-01 2.37647234581755094e-03
