4.80613791246974564e-01 3.87529739892124026e-02
5.19386208753025436e-01 3.87529739892124026e-02
4.41957964662372416e-01 3.85199090821239931e-02
5.58042035337627640e-01 3.85199090821239931e-02
4.03651209649314446e-01 3.80551809503131208e-02
5.96348790350685554e-01 3.80551809503131208e-02
3.65923907496373157e-01 3.73615845289841306e-02
6.34076092503626843e-01 3.73615845289841306e-02
3.29002954587120755e-01 3.64432911979020308e-02
6.70997045412879300e-01 3.64432911979020308e-02
2.93110397814197510e-01 3.53058236956433902e-02
7.06889602185802435e-01 3.53058236956433902e-02
2.58462099156910652e-01 3.39560229076169492e-02
7.41537900843089348e-01 3.39560229076169492e-02
2.25266437452435908e-01 3.24020067283005211e-02
7.74733562547564092e-01 3.24020067283005211e-02
1.93723055166009905e-01 3.06531212464644688e-02
8.06276944833990150e-01 3.06531212464644688e-02
1.64021657692910217e-01 2.87198845496957796e-02
8.35978342307089783e-01 2.87198845496957796e-02
1.36340872405036451e-01 2.66139234919684116e-02
8.63659127594963549e-01 2.66139234919684116e-02
1.10847174286740291e-01 2.43479038175361193e-02
8.89152825713259709e-01 2.43479038175361193e-02
8.76938845833441505e-02 2.19354540928366308e-02
9.12306115416655850e-01 2.19354540928366308e-02
6.70202483938702742e-02 1.93910839872360116e-02
9.32979751606129781e-01 1.93910839872360116e-02
4.89505965155628275e-02 1.67300976412739187e-02
9.51049403484437228e-01 1.67300976412739187e-02
3.35935958606617402e-02 1.39685034900116998e-02
9.66406404139338315e-01 1.39685034900116998e-02
2.10415903931041592e-02 1.11229245970834792e-02
9.78958409606895841e-01 1.11229245970834792e-02
1.13700250081128496e-02 8.21052919095394476e-03
9.88629974991887206e-01 8.21052919095394476e-03
4.63688065027151319e-03 5.24914226557640640e-03
9.95363119349728542e-01 5.24914226557640640e-03
8.81145144720374418e-04 2.26063854926659502e-03
9.99118854855279626e-01 2.26063854926659502e-03
