5.00000000000000000e-01 3.78477678236491880e-02
4.62188370505418500e-01 3.77393735463579100e-02
5.37811629494581500e-01 3.77393735463579100e-02
4.24593322568003917e-01 3.74148115881107676e-02
5.75406677431996139e-01 3.74148115881107676e-02
3.87430197183288583e-01 3.68759410136117322e-02
6.12569802816711362e-01 3.68759410136117322e-02
3.50911861329087582e-01 3.61258484305115382e-02
6.49088138670912418e-01 3.61258484305115382e-02
3.15247488679759269e-01 3.51688303104087524e-02
6.84752511320240731e-01 3.51688303104087524e-02
2.80641361474296414e-01 3.40103683804383813e-02
7.19358638525703586e-01 3.40103683804383813e-02
2.47291700400296965e-01 3.26570982267637075e-02
7.52708299599702979e-01 3.26570982267637075e-02
2.15389529194892071e-01 3.11167712904831598e-02
7.84610470805107929e-01 3.11167712904831598e-02
1.85117580463901865e-01 2.93982104749359700e-02
8.14882419536098190e-01 2.93982104749359700e-02
1.56649248982524358e-01 2.75112596212893704e-02
8.43350751017475586e-01 2.75112596212893704e-02
1.30147598465036929e-01 2.54667271473087500e-02
8.69852401534963127e-01 2.54667271473087500e-02
1.05764427476295331e-01 2.32763241845071710e-02
8.94235572523704669e-01 2.32763241845071710e-02
8.36393997993193361e-02 2.09525975979548487e-02
9.16360600200680664e-01 2.09525975979548487e-02
6.38992441537792888e-02 1.85088583517539901e-02
9.36100755846220656e-01 1.85088583517539901e-02
4.66570276209494206e-02 1.59591058658496397e-02
9.53342972379050524e-01 1.59591058658496397e-02
3.20115062510730741e-02 1.33179496035552205e-02
9.67988493748926926e-01 1.33179496035552205e-02
2.00465541348268661e-02 1.06005316843897808e-02
9.79953445865173078e-01 1.06005316843897808e-02
1.08306632194583030e-02 7.82246920390929426e-03
9.89169336780541641e-01 7.82246920390929426e-03
4.41644515049183228e-03 4.99996938695297308e-03
9.95583554849508223e-01 4.99996938695297308e-03
8.39205712614254917e-04 2.15307017908244417e-03
9.99160794287385690e-01 2.15307017908244417e-03
