4.81525528417324100e-01 3.69321171160864395e-02
5.18474471582675900e-01 3.69321171160864395e-02
4.44677486395740063e-01 3.67304067267337567e-02
5.55322513604259993e-01 3.67304067267337567e-02
4.08131596717572709e-01 3.63280876219020527e-02
5.91868403282427291e-01 3.63280876219020527e-02
3.72087460328560438e-01 3.57273571325854924e-02
6.27912539671439562e-01 3.57273571325854924e-02
3.36741937767294219e-01 3.49314962462970793e-02
6.63258062232705781e-01 3.49314962462970793e-02
3.02288073978512539e-01 3.39448516882609672e-02
6.97711926021487461e-01 3.39448516882609672e-02
2.68914043964789018e-01 3.27728121824544874e-02
7.31085956035210982e-01 3.27728121824544874e-02
2.36802125034403843e-01 3.14217790225012894e-02
7.63197874965596101e-01 3.14217790225012894e-02
2.06127701257445339e-01 2.98991311137933313e-02
7.93872298742554605e-01 2.98991311137933313e-02
1.77058305565376106e-01 2.82131846790091914e-02
8.22941694434623949e-01 2.82131846790091914e-02
1.49752704721914376e-01 2.63731478495870392e-02
8.50247295278085624e-01 2.63731478495870392e-02
1.24360032155259759e-01 2.43890703964016187e-02
8.75639967844740186e-01 2.43890703964016187e-02
1.01018973372256293e-01 2.22717888859829405e-02
8.98981026627743707e-01 2.22717888859829405e-02
7.98570083690915422e-02 2.00328675903461290e-02
9.20142991630908513e-01 2.00328675903461290e-02
6.09897150939136545e-02 1.76845355487960515e-02
9.39010284906086401e-01 1.76845355487960515e-02
4.45201375479362671e-02 1.52396203498017298e-02
9.55479862452063733e-01 1.52396203498017298e-02
3.05382213225058874e-02 1.27114797630565202e-02
9.69461778677494168e-01 1.27114797630565202e-02
1.91203173308977514e-02 1.01139347845263204e-02
9.80879682669102193e-01 1.01139347845263204e-02
1.03287459681258853e-02 7.46122184867874672e-03
9.89671254031874170e-01 7.46122184867874672e-03
4.21135582956955190e-03 4.76811015087425134e-03
9.95788644170430448e-01 4.76811015087425134e-03
8.00190504968767424e-04 2.05299930232454193e-03
9.99199809495031177e-01 2.05299930232454193e-03
