5.00000000000000000e-01 3.61078758468994926e-02
4.63923504562706868e-01 3.60137509857109891e-02
5.36076495437293077e-01 3.60137509857109891e-02
4.28035095244643338e-01 3.57318671262570678e-02
5.71964904755356662e-01 3.57318671262570678e-02
3.92521877569740885e-01 3.52636938825425170e-02
6.07478122430259115e-01 3.52636938825425170e-02
3.57569000983543162e-01 3.46116720968283401e-02
6.42430999016456838e-01 3.46116720968283401e-02
3.23358693567848077e-01 3.37792011146825777e-02
6.76641306432151923e-01 3.37792011146825777e-02
2.90069311985365341e-01 3.27706210631613995e-02
7.09930688014634659e-01 3.27706210631613995e-02
2.57874411607132648e-01 3.15911902246980569e-02
7.42125588392867352e-01 3.15911902246980569e-02
2.26941841669957622e-01 3.02470576249956498e-02
7.73058158330042433e-01 3.02470576249956498e-02
1.97432870180199505e-01 2.87452309784552613e-02
8.02567129819800495e-01 2.87452309784552613e-02
1.69501343124250914e-01 2.70935401594408903e-02
8.30498656875749086e-01 2.70935401594408903e-02
1.43292882365521457e-01 2.53005963921950801e-02
8.56707117634478488e-01 2.53005963921950801e-02
1.18944126402522443e-01 2.33757473771732914e-02
8.81055873597477612e-01 2.33757473771732914e-02
9.65820179315307059e-02 2.13290285989910407e-02
9.03417982068469350e-01 2.13290285989910407e-02
7.63231418953424501e-02 1.91711110970663283e-02
9.23676858104657494e-01 1.91711110970663283e-02
5.82731173906915756e-02 1.69132460434301413e-02
9.41726882609308369e-01 1.69132460434301413e-02
4.25260463969306390e-02 1.45672066307492507e-02
9.57473953603069416e-01 1.45672066307492507e-02
2.91640215761810873e-02 1.21452283069194093e-02
9.70835978423818968e-01 1.21452283069194093e-02
1.82566934929599967e-02 9.65995071184195045e-03
9.81743306507040003e-01 9.65995071184195045e-03
9.86088950987235036e-03 7.12437821578824296e-03
9.90139110490127594e-01 7.12437821578824296e-03
4.02022120337791611e-03 4.55199831870070192e-03
9.95979778796622028e-01 4.55199831870070192e-03
7.63833878746122963e-04 1.95974512692206415e-03
9.99236166121253877e-01 1.95974512692206415e-03
