4.82355381517932336e-01 3.52745788946770278e-02
5.17644618482067664e-01 3.52745788946770278e-02
4.47154049145673360e-01 3.50988427367791081e-02
5.52845950854326640e-01 3.50988427367791081e-02
4.12215992612241622e-01 3.47482459307862923e-02
5.87784007387758378e-01 3.47482459307862923e-02
3.77715271535899344e-01 3.42245351346833274e-02
6.22284728464100656e-01 3.42245351346833274e-02
3.43823766748607096e-01 3.35303194531468285e-02
6.56176233251392960e-01 3.35303194531468285e-02
3.10710323992646420e-01 3.26690574395907193e-02
6.89289676007353580e-01 3.26690574395907193e-02
2.78539912737294282e-01 3.16450398666019289e-02
7.21460087262705718e-01 3.16450398666019289e-02
2.47472804305898852e-01 3.04633683507809887e-02
7.52527195694101092e-01 3.04633683507809887e-02
2.17663773407264616e-01 2.91299299387977502e-02
7.82336226592735384e-01 2.91299299387977502e-02
1.89261327048212080e-01 2.76513677818640315e-02
8.10738672951787920e-01 2.76513677818640315e-02
1.62406964666938824e-01 2.60350480458522299e-02
8.37593035333061176e-01 2.60350480458522299e-02
1.37234473169641491e-01 2.42890232241760214e-02
8.62765526830358453e-01 2.42890232241760214e-02
1.13869260375622061e-01 2.24219920409850192e-02
8.86130739624377939e-01 2.24219920409850192e-02
9.24277301774324989e-02 2.04432561551731104e-02
9.07572269822567446e-01 2.04432561551731104e-02
7.30167024976448031e-02 1.83626739069044399e-02
9.26983297502355197e-01 1.83626739069044399e-02
5.57328808569784173e-02 1.61906114060349111e-02
9.44267119143021638e-01 1.61906114060349111e-02
4.06623700079121186e-02 1.39378914106405103e-02
9.59337629992087937e-01 1.39378914106405103e-02
2.78802454409029510e-02 1.16157409510096107e-02
9.72119754559097049e-01 1.16157409510096107e-02
1.74501747887534364e-02 9.23574086840737475e-03
9.82549825211246564e-01 9.23574086840737475e-03
9.42408346104300909e-03 6.80979337778999261e-03
9.90575916538956935e-01 6.80979337778999261e-03
3.84180393074207149e-03 4.35024068376242169e-03
9.96158196069257929e-01 4.35024068376242169e-03
7.29899681612911078e-04 1.87270240155638901e-03
9.99270100318387033e-01 1.87270240155638901e-03
