5.00000000000000000e-01 3.45209124146160090e-02
4.65506509918427902e-01 3.44386584888306604e-02
5.34493490081572098e-01 3.44386584888306604e-02
4.31177397008373486e-01 3.41922886893348404e-02
5.68822602991626458e-01 3.41922886893348404e-02
3.97176255108368181e-01 3.37829770818037708e-02
6.02823744891631819e-01 3.37829770818037708e-02
3.63665115123811167e-01 3.32126742249212667e-02
6.36334884876188833e-01 3.32126742249212667e-02
3.30803672874698917e-01 3.24840978753617171e-02
6.69196327125301083e-01 3.24840978753617171e-02
2.98748528070729047e-01 3.16007200369099669e-02
7.01251471929270953e-01 3.16007200369099669e-02
2.67652438040182461e-01 3.05667504155332607e-02
7.32347561959817539e-01 3.05667504155332607e-02
2.37663589768541961e-01 2.93871163594208694e-02
7.62336410231458039e-01 2.93871163594208694e-02
2.08924893715323412e-01 2.80674393798932414e-02
7.91075106284676588e-01 2.80674393798932414e-02
1.81573302773388345e-01 2.66140083656344791e-02
8.18426697226611655e-01 2.66140083656344791e-02
1.55739159614399714e-01 2.50337496189760103e-02
8.44260840385600231e-01 2.50337496189760103e-02
1.31545575527254821e-01 2.33341938591866797e-02
8.68454424472745234e-01 2.33341938591866797e-02
1.09107843703046881e-01 2.15234403545824897e-02
8.90892156296953175e-01 2.15234403545824897e-02
8.85328897489568445e-02 1.96101183646512287e-02
9.11467110251043211e-01 1.96101183646512287e-02
6.99187620196679016e-02 1.76033461008045095e-02
9.30081237980332043e-01 1.76033461008045095e-02
5.33541641233791220e-02 1.55126874672577297e-02
9.46645835876620878e-01 1.55126874672577297e-02
3.89180316404997839e-02 1.33481069837888301e-02
9.61081968359500216e-01 1.33481069837888301e-02
2.66791545021854426e-02 1.11199237752893695e-02
9.73320845497814613e-01 1.11199237752893695e-02
1.66958448015526728e-02 8.83876762896879456e-03
9.83304155198447383e-01 8.83876762896879456e-03
9.01564248272973545e-03 6.51555249579139229e-03
9.90984357517270320e-01 6.51555249579139229e-03
3.67500077639815181e-03 4.16159464810912042e-03
9.96324999223601848e-01 4.16159464810912042e-03
6.98177409031663920e-04 1.79133157764177898e-03
9.99301822590968336e-01 1.79133157764177898e-03
