4.83113904991973986e-01 3.37593429245182305e-02
5.16886095008026070e-01 3.37593429245182305e-02
4.49418762347207901e-01 3.36053068003390881e-02
5.50581237652792099e-01 3.36053068003390881e-02
4.15954410266448249e-01 3.32979373842274412e-02
5.84045589733551695e-01 3.32979373842274412e-02
3.82873538896865095e-01 3.28386371338905969e-02
6.17126461103134849e-01 3.28386371338905969e-02
3.50327088649065033e-01 3.22295017335695322e-02
6.49672911350934967e-01 3.22295017335695322e-02
3.18463561489502167e-01 3.14733105321972628e-02
6.81536438510497833e-01 3.14733105321972628e-02
2.87428343358585803e-01 3.05735138623252391e-02
7.12571656641414197e-01 3.05735138623252391e-02
2.57363040805917709e-01 2.95342172977731583e-02
7.42636959194082236e-01 2.95342172977731583e-02
2.28404834869098683e-01 2.83601629219956200e-02
7.71595165130901317e-01 2.83601629219956200e-02
2.00685855143642400e-01 2.70567076929283806e-02
7.99314144856357656e-01 2.70567076929283806e-02
1.74332576899001168e-01 2.56297990035715094e-02
8.25667423100998832e-01 2.56297990035715094e-02
1.49465243989797159e-01 2.40859475508561002e-02
8.50534756010202786e-01 2.40859475508561002e-02
1.26197320192166951e-01 2.24321976386590606e-02
8.73802679807833105e-01 2.24321976386590606e-02
1.04634971462362891e-01 2.06760950548393607e-02
8.95365028537637109e-01 2.06760950548393607e-02
8.48765814669669716e-02 1.88256526786930306e-02
9.15123418533033028e-01 1.88256526786930306e-02
6.70123025665709804e-02 1.68893139995534500e-02
9.32987697433429020e-01 1.68893139995534500e-02
5.11236442330290086e-02 1.48759147761013798e-02
9.48876355766971047e-01 1.48759147761013798e-02
3.72831005966230422e-02 1.27946431985650096e-02
9.62716899403377013e-01 1.27946431985650096e-02
2.55538182769550759e-02 1.06549993770682500e-02
9.74446181723044980e-01 1.06549993770682500e-02
1.59893040730040292e-02 8.46675700391811940e-03
9.84010695926995971e-01 8.46675700391811940e-03
8.63316509791656195e-03 6.23994188549434163e-03
9.91366834902083438e-01 6.23994188549434163e-03
3.51882554691279603e-03 3.98494911486231129e-03
9.96481174453087259e-01 3.98494911486231129e-03
6.68478933091021243e-04 1.71515043405352395e-03
9.99331521066908923e-01 1.71515043405352395e-03
