5.00000000000000000e-01 3.30675648118277377e-02
4.66956538041822133e-01 3.29952667944052383e-02
5.33043461958177867e-01 3.29952667944052383e-02
4.34057566722742538e-01 3.27786888832748702e-02
5.65942433277257462e-01 3.27786888832748702e-02
4.01446944860444077e-01 3.24187781194728575e-02
5.98553055139555923e-01 3.24187781194728575e-02
3.69267270392512725e-01 3.19171083028585226e-02
6.30732729607487275e-01 3.19171083028585226e-02
3.37659256831132071e-01 3.12758731104608306e-02
6.62340743168867929e-01 3.12758731104608306e-02
3.06761117957666363e-01 3.04978765043698204e-02
6.93238882042333637e-01 3.04978765043698204e-02
2.76707963447572147e-01 2.95865204711694384e-02
7.23292036552427797e-01 2.95865204711694384e-02
2.47631208068211039e-01 2.85457901466157696e-02
7.52368791931788961e-01 2.85457901466157696e-02
2.19657997032667918e-01 2.73802363907651100e-02
7.80342002967332027e-01 2.73802363907651100e-02
1.92910650021813179e-01 2.60949558900285712e-02
8.07089349978186821e-01 2.60949558900285712e-02
1.67506126304833636e-01 2.46955688736805803e-02
8.32493873695166364e-01 2.46955688736805803e-02
1.43555513295467840e-01 2.31881945432529588e-02
8.56444486704532215e-01 2.31881945432529588e-02
1.21163540777280698e-01 2.15794243242397703e-02
8.78836459222719357e-01 2.15794243242397703e-02
1.00428122916129015e-01 1.98762930612654994e-02
8.99571877083870985e-01 1.98762930612654994e-02
8.14399300500489587e-02 1.80862482920874715e-02
9.18560069949950986e-01 1.80862482920874715e-02
6.42819921015518325e-02 1.62171177575923808e-02
9.35718007898448167e-01 1.62171177575923808e-02
4.90293352807373295e-02 1.42770753503216902e-02
9.50970664719262615e-01 1.42770753503216902e-02
3.57486534938196709e-02 1.22746058298294092e-02
9.64251346506180385e-01 1.22746058298294092e-02
2.44980153711457649e-02 1.02184690738342104e-02
9.75501984628854180e-01 1.02184690738342104e-02
1.53266063367177297e-02 8.11766657321653061e-03
9.84673393663282326e-01 8.11766657321653061e-03
8.27449846418815138e-03 5.98142423215616142e-03
9.91725501535811849e-01 5.98142423215616142e-03
3.37239450611570568e-03 3.81930814792441706e-03
9.96627605493884294e-01 3.81930814792441706e-03
6.40635707893966178e-04 1.64372692126400701e-03
9.99359364292106034e-01 1.64372692126400701e-03
