4.83809914518565309e-01 3.23688484063419588e-02
5.16190085481434635e-01 3.23688484063419588e-02
4.51497650395268679e-01 3.22330822179750370e-02
5.48502349604731321e-01 3.22330822179750370e-02
4.19388821965554159e-01 3.19621192923240927e-02
5.80611178034445841e-01 3.19621192923240927e-02
3.87618104802655461e-01 3.15570961431270100e-02
6.12381895197344539e-01 3.15570961431270100e-02
3.56318756322272168e-01 3.10197115799463290e-02
6.43681243677727832e-01 3.10197115799463290e-02
3.25622056853919595e-01 3.03522195829469404e-02
6.74377943146080350e-01 3.03522195829469404e-02
2.95656759004641612e-01 2.95574198491978211e-02
7.04343240995358388e-01 2.95574198491978211e-02
2.66548547624520793e-01 2.86386460502016105e-02
7.33451452375479152e-01 2.86386460502016105e-02
2.38419512638883502e-01 2.75997518499920790e-02
7.61580487361116498e-01 2.75997518499920790e-02
2.11387636958013658e-01 2.64450947425968301e-02
7.88612363041986342e-01 2.64450947425968301e-02
1.85566301611743201e-01 2.51795177769272398e-02
8.14433698388256744e-01 2.51795177769272398e-02
1.61063810183668055e-01 2.38083292462452391e-02
8.38936189816331890e-01 2.38083292462452391e-02
1.37982934538092683e-01 2.23372804283471400e-02
8.62017065461907261e-01 2.23372804283471400e-02
1.16420483742129821e-01 2.07725414717323704e-02
8.83579516257870123e-01 2.07725414717323704e-02
9.64668979852786879e-02 1.91206755329153509e-02
9.03533102014721257e-01 1.91206755329153509e-02
7.82058691878032564e-02 1.73886112823852211e-02
9.21794130812196744e-01 1.73886112823852211e-02
6.17139898628760730e-02 1.55836139163990396e-02
9.38286010137123982e-01 1.55836139163990396e-02
4.70604316422151836e-02 1.37132548541784704e-02
9.52939568357784816e-01 1.37132548541784704e-02
3.43066546467228339e-02 1.17853804196621902e-02
9.65693345353277222e-01 1.17853804196621902e-02
2.35061484197845449e-02 9.80808022867776449e-03
9.76493851580215511e-01 9.80808022867776449e-03
1.47042037268763637e-02 7.78965786147192436e-03
9.85295796273123692e-01 7.78965786147192436e-03
7.93770813858657442e-03 5.73861728961726995e-03
9.92062291861413481e-01 5.73861728961726995e-03
3.23491386682461801e-03 3.66377695063813081e-03
9.96765086133175382e-01 3.66377695063813081e-03
6.14496373786965755e-04 1.57667302615291903e-03
9.99385503626213034e-01 1.57667302615291903e-03
