5.00000000000000000e-01 3.17316407023953001e-02
4.68289657508656587e-01 3.16677546482458730e-02
5.31710342491343413e-01 3.16677546482458730e-02
4.36707001365163994e-01 3.14763537325978490e-02
5.63292998634836062e-01 3.14763537325978490e-02
4.05379203769093199e-01 3.11582086600286287e-02
5.94620796230906801e-01 3.11582086600286287e-02
3.74432410693711359e-01 3.07146004895964692e-02
6.25567589306288641e-01 3.07146004895964692e-02
3.43991233940125596e-01 3.01473154765760087e-02
6.56008766059874349e-01 3.01473154765760087e-02
3.14178249368857521e-01 2.94586378800136307e-02
6.85821750631142479e-01 2.94586378800136307e-02
2.85113503329211759e-01 2.86513407650937392e-02
7.14886496670788185e-01 2.86513407650937392e-02
2.56914029273754008e-01 2.77286748374017990e-02
7.43085970726246048e-01 2.77286748374017990e-02
2.29693376504136959e-01 2.66943553541294891e-02
7.70306623495863096e-01 2.66943553541294891e-02
2.03561152945549662e-01 2.55525471650722910e-02
7.96438847054450338e-01 2.55525471650722910e-02
1.78622583790381151e-01 2.43078479439141210e-02
8.21377416209618794e-01 2.43078479439141210e-02
1.54978087787433938e-01 2.29652696777979289e-02
8.45021912212566062e-01 2.29652696777979289e-02
1.32722872881298637e-01 2.15302184906298009e-02
8.67277127118701419e-01 2.15302184906298009e-02
1.11946552827276669e-01 2.00084728831865094e-02
8.88053447172723276e-01 2.00084728831865094e-02
9.27327863200722580e-02 1.84061604815003409e-02
9.07267213679927798e-01 1.84061604815003409e-02
7.51589400779171246e-02 1.67297333958110889e-02
9.24841059922082875e-01 1.67297333958110889e-02
5.92957772134955485e-02 1.49859423102919106e-02
9.40704222786504451e-01 1.49859423102919106e-02
4.52071720859633652e-02 1.31818094635330098e-02
9.54792827914036635e-01 1.31818094635330098e-02
3.29498526220949328e-02 1.13246007937233394e-02
9.67050147377905067e-01 1.13246007937233394e-02
2.25731706629314077e-02 9.42179792654472895e-03
9.77426829337068592e-01 9.42179792654472895e-03
1.41188995492222968e-02 7.48107246781232541e-03
9.85881100450777703e-01 7.48107246781232541e-03
7.62105204289348359e-03 5.51027551579679007e-03
9.92378947957106572e-01 5.51027551579679007e-03
3.10566902791609145e-03 3.51754979504322616e-03
9.96894330972083909e-01 3.51754979504322616e-03
5.89924696682286864e-04 1.51363949446145203e-03
9.99410075303317713e-01 1.51363949446145203e-03
