4.84450830836405555e-01 3.10883083276736298e-02
5.15549169163594390e-01 3.10883083276736298e-02
4.53412649219956942e-01 3.09680337103416213e-02
5.46587350780043058e-01 3.09680337103416213e-02
4.22554705000927067e-01 3.07279497951583290e-02
5.77445294999072933e-01 3.07279497951583290e-02
3.91996381561979079e-01 3.03689854208851091e-02
6.08003618438020865e-01 3.03689854208851091e-02
3.61855903110233967e-01 2.98925293521327302e-02
6.38144096889766033e-01 2.98925293521327302e-02
3.32249877290281326e-01 2.93004249066112187e-02
6.67750122709718674e-01 2.93004249066112187e-02
3.03292844051217481e-01 2.85949628238641902e-02
6.96707155948782519e-01 2.85949628238641902e-02
2.75096832512980560e-01 2.77788724031062598e-02
7.24903167487019440e-01 2.77788724031062598e-02
2.47770927546267894e-01 2.68553109444981189e-02
7.52229072453732162e-01 2.68553109444981189e-02
2.21420847742674953e-01 2.58278515347905684e-02
7.78579152257325102e-01 2.58278515347905684e-02
1.96148536407524887e-01 2.47004692247331584e-02
8.03851463592475168e-01 2.47004692247331584e-02
1.72051767157280322e-01 2.34775256519742202e-02
8.27948232842719678e-01 2.34775256519742202e-02
1.49223765646588902e-01 2.21637521694016404e-02
8.50776234353411098e-01 2.21637521694016404e-02
1.27752848886965753e-01 2.07642315450738517e-02
8.72247151113034302e-01 2.07642315450738517e-02
1.07722083549800340e-01 1.92843783062938388e-02
8.92277916450199715e-01 1.92843783062938388e-02
8.92089645703320056e-02 1.77299178075730791e-02
9.10791035429667994e-01 1.77299178075730791e-02
7.22851152850269574e-02 1.61068641117890106e-02
9.27714884714972987e-01 1.61068641117890106e-02
5.70160102381934708e-02 1.44214967902676003e-02
9.42983989761806529e-01 1.44214967902676003e-02
4.34607216721040746e-02 1.26803367850061993e-02
9.56539278327895870e-01 1.26803367850061993e-02
3.16716905275610250e-02 1.08901215850624004e-02
9.68328309472438975e-01 1.08901215850624004e-02
2.16945223785960373e-02 9.05778035674469593e-03
9.78305477621403963e-01 9.05778035674469593e-03
1.35678074466539789e-02 7.19041138074278698e-03
9.86432192553346021e-01 7.19041138074278698e-03
7.32295797599707976e-03 5.29527419182548430e-03
9.92677042024002976e-01 5.29527419182548430e-03
2.98401528395464410e-03 3.37989959787270101e-03
9.97015984716045356e-01 3.37989959787270101e-03
5.66797789964490484e-04 1.45431127657757097e-03
9.99433202210035510e-01 1.45431127657757097e-03
