5.00000000000000000e-01 3.04994624206029394e-02
4.69519449924710619e-01 3.04427324224281690e-02
5.30480550075289381e-01 3.04427324224281690e-02
4.39152289490555625e-01 3.02727534673689000e-02
5.60847710509444375e-01 3.02727534673689000e-02
4.09011486521461243e-01 2.99901578887516312e-02
5.90988513478538757e-01 2.99901578887516312e-02
3.79209166776100670e-01 2.95959969614807694e-02
6.20790833223899385e-01 2.95959969614807694e-02
3.49856196832334043e-01 2.90917369912960695e-02
6.50143803167665957e-01 2.90917369912960695e-02
3.21061771655795247e-01 2.84792538601293284e-02
6.78938228344204697e-01 2.84792538601293284e-02
2.92933008386848048e-01 2.77608260478693497e-02
7.07066991613152007e-01 2.77608260478693497e-02
2.65574547856979537e-01 2.69391261565227816e-02
7.34425452143020463e-01 2.69391261565227816e-02
2.39088165316907075e-01 2.60172109683485392e-02
7.60911834683092980e-01 2.60172109683485392e-02
2.13572391824348062e-01 2.49985100750287001e-02
7.86427608175651938e-01 2.49985100750287001e-02
1.89122147699638365e-01 2.38868131203115487e-02
8.10877852300361690e-01 2.38868131203115487e-02
1.65828389412314980e-01 2.26862557038250388e-02
8.34171610587685075e-01 2.26862557038250388e-02
1.43777771211481664e-01 2.14013039989400383e-02
8.56222228788518391e-01 2.14013039989400383e-02
1.23052322757312260e-01 2.00367381427482283e-02
8.76947677242687740e-01 2.00367381427482283e-02
1.03729143950309410e-01 1.85976344616301491e-02
8.96270856049690590e-01 1.85976344616301491e-02
8.58801180884675719e-02 1.70893466020941714e-02
9.14119881911532373e-01 1.70893466020941714e-02
6.95716444088538277e-02 1.55174856450800008e-02
9.30428355591146117e-01 1.55174856450800008e-02
5.48643909852363221e-02 1.38878992970812402e-02
9.45135609014763678e-01 1.38878992970812402e-02
4.18130688451098798e-02 1.22066502868907207e-02
9.58186931154890065e-01 1.22066502868907207e-02
3.04662279985188356e-02 1.04799942008516108e-02
9.69533772001481164e-01 1.04799942008516108e-02
2.08660756930458824e-02 8.71435736170052613e-03
9.79133924306954118e-01 8.71435736170052613e-03
1.30483159903380663e-02 6.91631700323891083e-03
9.86951684009661934e-01 6.91631700323891083e-03
7.04200413204852937e-03 5.09259564891086525e-03
9.92957995867951526e-01 5.09259564891086525e-03
2.86936978162372069e-03 3.25016889162630003e-03
9.97130630218376224e-01 3.25016889162630003e-03
5.45004575548235781e-04 1.39840358554494792e-03
9.99454995424451820e-01 1.39840358554494792e-03
