4.85042945101330614e-01 2.99051828726459301e-02
5.14957054898669386e-01 2.99051828726459301e-02
4.55182377675549699e-01 2.97981300856240798e-02
5.44817622324450301e-01 2.97981300856240798e-02
4.25482245696525374e-01 2.95844077330214804e-02
5.74517754303474626e-01 2.95844077330214804e-02
3.96048867921816927e-01 2.92647808859069387e-02
6.03951132078183073e-01 2.92647808859069387e-02
3.66987608197499093e-01 2.88403937262634094e-02
6.33012391802500907e-01 2.88403937262634094e-02
3.38402498282596109e-01 2.83127654511842984e-02
6.61597501717403835e-01 2.83127654511842984e-02
3.10395865441953189e-01 2.76837848346513302e-02
6.89604134558046811e-01 2.76837848346513302e-02
2.83067966140619132e-01 2.69557034663786312e-02
7.16932033859380868e-01 2.69557034663786312e-02
2.56516627150951915e-01 2.61311276919534985e-02
7.43483372849048085e-01 2.61311276919534985e-02
2.30836895357086291e-01 2.52130092831711894e-02
7.69163104642913709e-01 2.52130092831711894e-02
2.06120697510210449e-01 2.42046348720374484e-02
7.93879302489789551e-01 2.42046348720374484e-02
1.82456511152377043e-01 2.31096141863923986e-02
8.17543488847622957e-01 2.31096141863923986e-02
1.59929047886416154e-01 2.19318671295001995e-02
8.40070952113583846e-01 2.19318671295001995e-02
1.38618950125008411e-01 2.06756097502801307e-02
8.61381049874991644e-01 2.06756097502801307e-02
1.18602502403127530e-01 1.93453391552119887e-02
8.81397497596872470e-01 1.93453391552119887e-02
9.99513582847658122e-02 1.79458174175486200e-02
9.00048641715234243e-01 1.79458174175486200e-02
8.27322838366327251e-02 1.64820545448594001e-02
9.17267716163367330e-01 1.64820545448594001e-02
6.70069185769662234e-02 1.49592905735719695e-02
9.32993081423033832e-01 1.49592905735719695e-02
5.28315547327523616e-02 1.33829768732520102e-02
9.47168445267247638e-01 1.33829768732520102e-02
4.02569355417877195e-02 1.17587567769922297e-02
9.59743064458212336e-01 1.17587567769922297e-02
2.93280731793204574e-02 1.00924457539903999e-02
9.70671926820679598e-01 1.00924457539903999e-02
2.00840865334567242e-02 8.39001169815036842e-03
9.79915913466543276e-01 8.39001169815036842e-03
1.25580578891277272e-02 6.65755749117048073e-03
9.87441942110872217e-01 6.65755749117048073e-03
6.77690217422505237e-03 4.90131728973137570e-03
9.93223097825775003e-01 4.90131728973137570e-03
2.76120453539197008e-03 3.12776198148663909e-03
9.97238795464608030e-01 3.12776198148663909e-03
5.24444448024852239e-04 1.34565847502355609e-03
9.99475555551975203e-01 1.34565847502355609e-03
