5.00000000000000000e-01 2.93593970755821783e-02
4.70657472849870251e-01 2.93087931163601295e-02
5.29342527150129749e-01 2.93087931163601295e-02
4.41416095464022440e-01 2.91571556811280087e-02
5.58583904535977505e-01 2.91571556811280087e-02
4.12376668922337153e-01 2.89050074958565988e-02
5.87623331077662847e-01 2.89050074958565988e-02
3.83639298137863682e-01 2.85532177681336007e-02
6.16360701862136318e-01 2.85532177681336007e-02
3.55303046774186893e-01 2.81029991908698512e-02
6.44696953225813107e-01 2.81029991908698512e-02
3.27465595752138794e-01 2.75559037619667983e-02
6.72534404247861151e-01 2.75559037619667983e-02
3.00222906523023525e-01 2.69138174343655188e-02
6.99777093476976475e-01 2.69138174343655188e-02
2.73668890269077092e-01 2.61789536149363601e-02
7.26331109730922853e-01 2.61789536149363601e-02
2.47895084171433300e-01 2.53538455346463583e-02
7.52104915828566645e-01 2.53538455346463583e-02
2.22990335861466049e-01 2.44413375163495712e-02
7.77009664138534006e-01 2.44413375163495712e-02
1.99040497143115336e-01 2.34445751703751606e-02
8.00959502856884664e-01 2.34445751703751606e-02
1.76128128041744991e-01 2.23669945518364006e-02
8.23871871958254953e-01 2.23669945518364006e-02
1.54332212199316643e-01 2.12123103172600115e-02
8.45667787800683302e-01 2.12123103172600115e-02
1.33727884596244850e-01 1.99845029217701892e-02
8.66272115403755150e-01 1.99845029217701892e-02
1.14386172537233821e-01 1.86878049017414616e-02
8.85613827462766179e-01 1.86878049017414616e-02
9.63737507915522484e-02 1.73266862917671183e-02
9.03626249208447696e-01 1.73266862917671183e-02
7.97527117270993013e-02 1.59058392295096593e-02
9.20247288272900699e-01 1.59058392295096593e-02
6.45803512208793506e-02 1.44301618089118702e-02
9.35419648779120649e-01 1.44301618089118702e-02
5.09089710622867009e-02 1.29047412553787606e-02
9.49091028937713244e-01 1.29047412553787606e-02
3.87856984785939218e-02 1.13348365285351003e-02
9.61214301521406078e-01 1.13348365285351003e-02
2.82523232677790448e-02 9.72586055381844707e-03
9.71747676732220955e-01 9.72586055381844707e-03
1.93451526884318437e-02 8.08336262834373140e-03
9.80654847311568156e-01 8.08336262834373140e-03
1.20948831425077286e-02 6.41301307212019042e-03
9.87905116857492271e-01 6.41301307212019042e-03
6.52648248831422251e-03 4.72060114247017243e-03
9.93473517511685777e-01 4.72060114247017243e-03
2.65904034599645511e-03 3.01213811347433684e-03
9.97340959654003489e-01 3.01213811347433684e-03
5.05026111835893410e-04 1.29584186028351592e-03
9.99494973888164107e-01 1.29584186028351592e-03
