4.85591625900329116e-01 2.88087683535735092e-02
5.14408374099670884e-01 2.88087683535735092e-02
4.56822740868375876e-01 2.87130685270560598e-02
5.43177259131624068e-01 2.87130685270560598e-02
4.28197286341871930e-01 2.85219867793972993e-02
5.71802713658128070e-01 2.85219867793972993e-02
3.99810353196893176e-01 2.82361578653129788e-02
6.00189646803106824e-01 2.82361578653129788e-02
3.71756239965001345e-01 2.78565312802949890e-02
6.28243760034998600e-01 2.78565312802949890e-02
3.44128139582765891e-01 2.73843681065289897e-02
6.55871860417234109e-01 2.73843681065289897e-02
3.17017829813904362e-01 2.68212368237768090e-02
6.82982170186095638e-01 2.68212368237768090e-02
2.90515368372397775e-01 2.61690080991493698e-02
7.09484631627602225e-01 2.61690080991493698e-02
2.64708793759308891e-01 2.54298485730940702e-02
7.35291206240691109e-01 2.54298485730940702e-02
2.39683832807033481e-01 2.46062136622644395e-02
7.60316167192966574e-01 2.46062136622644395e-02
2.15523615902395271e-01 2.37008394032224914e-02
7.84476384097604784e-01 2.37008394032224914e-02
1.92308400834436288e-01 2.27167333641383612e-02
8.07691599165563767e-01 2.27167333641383612e-02
1.70115306184008441e-01 2.16571646547985101e-02
8.29884693815991614e-01 2.16571646547985101e-02
1.49018055140413552e-01 2.05256530683224914e-02
8.50981944859586448e-01 2.05256530683224914e-02
1.29086730595407817e-01 1.93259573910512586e-02
8.70913269404592238e-01 1.93259573910512586e-02
1.10387542326872978e-01 1.80620629201917807e-02
8.89612457673127022e-01 1.80620629201917807e-02
9.29826070432160923e-02 1.67381682321863200e-02
9.07017392956783963e-01 1.67381682321863200e-02
7.69297420146135003e-02 1.53586712489353402e-02
9.23070257985386444e-01 1.53586712489353402e-02
6.22822729672155573e-02 1.39281546552979408e-02
9.37717727032784443e-01 1.39281546552979408e-02
4.90888568576491879e-02 1.24513707336043906e-02
9.50911143142350812e-01 1.24513707336043906e-02
3.73933200666742294e-02 1.09332257114265405e-02
9.62606679933325715e-01 1.09332257114265405e-02
2.72345124175020770e-02 9.37876381073468948e-03
9.72765487582497923e-01 9.37876381073468948e-03
1.86461771070381976e-02 7.79315151796206463e-03
9.81353822892961802e-01 7.79315151796206463e-03
1.16568355710484073e-02 6.18166406442382209e-03
9.88343164428951537e-01 6.18166406442382209e-03
6.28968130132823156e-03 4.54968472775469941e-03
9.93710318698671768e-01 4.54968472775469941e-03
2.56244149083056927e-03 2.90280550761999297e-03
9.97437558509169486e-01 2.90280550761999297e-03
4.86666566329507777e-04 1.24874091788079299e-03
9.99513333433670548e-01 1.24874091788079299e-03
