5.00000000000000000e-01 2.83014882222802112e-02
4.71713623090831591e-01 2.82561591248860003e-02
5.28286376909168354e-01 2.82561591248860003e-02
4.43517855970335328e-01 2.81203170355421792e-02
5.56482144029664672e-01 2.81203170355421792e-02
4.15503018176563432e-01 2.78943970976420486e-02
5.84496981823436568e-01 2.78943970976420486e-02
3.87758849676077266e-01 2.75791230012543409e-02
6.12241150323922789e-01 2.75791230012543409e-02
3.60374223399596738e-01 2.71755046649555486e-02
6.39625776600403206e-01 2.71755046649555486e-02
3.33436860554988057e-01 2.66848350008027403e-02
6.66563139445011998e-01 2.66848350008027403e-02
3.07033049629510280e-01 2.61086857728160399e-02
6.92966950370489720e-01 2.61086857728160399e-02
2.81247369981412698e-01 2.54489025622469910e-02
7.18752630018587357e-01 2.54489025622469910e-02
2.56162420906262955e-01 2.47075988557758711e-02
7.43837579093737045e-01 2.47075988557758711e-02
2.31858557045828362e-01 2.38871492756003515e-02
7.68141442954171638e-01 2.38871492756003515e-02
2.08413630986983955e-01 2.29901819731419196e-02
7.91586369013016045e-01 2.29901819731419196e-02
1.85902743875035914e-01 2.20195702108032902e-02
8.14097256124964086e-01 2.20195702108032902e-02
1.64398004840086820e-01 2.09784231588593800e-02
8.35601995159913180e-01 2.09784231588593800e-02
1.43968300006681094e-01 1.98700759371685902e-02
8.56031699993318851e-01 1.98700759371685902e-02
1.24679071825989030e-01 1.86980789339827695e-02
8.75320928174010970e-01 1.86980789339827695e-02
1.06592109436188798e-01 1.74661864367949386e-02
8.93407890563811202e-01 1.74661864367949386e-02
8.97653507203395318e-02 1.61783446130929209e-02
9.10234649279660468e-01 1.61783446130929209e-02
7.42526966914227593e-02 1.48386788825805201e-02
9.25747303308577241e-01 1.48386788825805201e-02
6.01038387900522664e-02 1.34514807281981407e-02
9.39896161209947678e-01 1.34514807281981407e-02
4.73640996279999782e-02 1.20211940048628105e-02
9.52635900371999966e-01 1.20211940048628105e-02
3.60742876396041301e-02 1.05524008340082305e-02
9.63925712360395925e-01 1.05524008340082305e-02
2.62705659793946444e-02 9.04980726036453201e-03
9.73729434020605300e-01 9.04980726036453201e-03
1.79843357034323859e-02 7.51822916675589422e-03
9.82015664296567614e-01 7.51822916675589422e-03
1.12421322480054098e-02 5.96258035992430595e-03
9.88757867751994590e-01 5.96258035992430595e-03
6.06552940055538059e-03 4.38787305352926395e-03
9.93934470599444619e-01 4.38787305352926395e-03
2.47101107629404959e-03 2.79931613328038417e-03
9.97528988923706006e-01 2.79931613328038417e-03
4.69290217590734304e-04 1.20416180998989398e-03
9.99530709782409321e-01 1.20416180998989398e-03
