4.86101482356362302e-01 2.77898731532572017e-02
5.13898517643637698e-01 2.77898731532572017e-02
4.58347406588782313e-01 2.77039762516225613e-02
5.41652593411217742e-01 2.77039762516225613e-02
4.30722076594811876e-01 2.75324479508812087e-02
5.69277923405188124e-01 2.75324479508812087e-02
4.03310880682362316e-01 2.72758184354447084e-02
5.96689119317637684e-01 2.72758184354447084e-02
3.76198545282831420e-01 2.69348809328572407e-02
6.23801454717168635e-01 2.69348809328572407e-02
3.49468873066389629e-01 2.65106892620053797e-02
6.50531126933610371e-01 2.65106892620053797e-02
3.23204483912522766e-01 2.60045545758707010e-02
6.76795516087477234e-01 2.60045545758707010e-02
2.97486559536454309e-01 2.54180413088992384e-02
7.02513440463545691e-01 2.54180413088992384e-02
2.72394592560770199e-01 2.47529623415237883e-02
7.27605407439229745e-01 2.47529623415237883e-02
2.48006140807809139e-01 2.40113733968001300e-02
7.51993859192190861e-01 2.40113733968001300e-02
2.24396587572232686e-01 2.31955666865009506e-02
7.75603412427767314e-01 2.31955666865009506e-02
2.01638908614668322e-01 2.23080638263461403e-02
7.98361091385331623e-01 2.23080638263461403e-02
1.79803446596496552e-01 2.13516080423335405e-02
8.20196553403503392e-01 2.13516080423335405e-02
1.58957693652764798e-01 2.03291556923722583e-02
8.41042306347235202e-01 2.03291556923722583e-02
1.39166082774905941e-01 1.92438671296238303e-02
8.60833917225094059e-01 1.92438671296238303e-02
1.20489788647435536e-01 1.80990969361575910e-02
8.79510211352564464e-01 1.80990969361575910e-02
1.02986538553066775e-01 1.68983835578058808e-02
8.97013461446933169e-01 1.68983835578058808e-02
8.67104339285591497e-02 1.56454383736552190e-02
9.13289566071440850e-01 1.56454383736552190e-02
7.17117831186256938e-02 1.43441342369113704e-02
9.28288216881374306e-01 1.43441342369113704e-02
5.80369458360862067e-02 1.29984935291959803e-02
9.41963054163913793e-01 1.29984935291959803e-02
4.57281897896722467e-02 1.16126757812826595e-02
9.54271810210327809e-01 1.16126757812826595e-02
3.48235598762518528e-02 1.01909649412012908e-02
9.65176440123748147e-01 1.01909649412012908e-02
2.53567602190186703e-02 8.73775645570047318e-03
9.74643239780981330e-01 8.73775645570047318e-03
1.73570490472549355e-02 7.25754463901073614e-03
9.82642950952745009e-01 7.25754463901073614e-03
1.08491454298718093e-02 5.75491217019169238e-03
9.89150854570128191e-01 5.75491217019169238e-03
5.85314222991922817e-03 4.23453158165394260e-03
9.94146857770080716e-01 4.23453158165394260e-03
2.38438695946513457e-03 2.70126112300766909e-03
9.97615613040534921e-01 2.70126112300766909e-03
4.52828099267221784e-04 1.16192768788660802e-03
9.99547171900732723e-01 1.16192768788660802e-03
