5.00000000000000000e-01 2.73171643782920102e-02
4.72696424499176593e-01 2.72764018023809417e-02
5.27303575500823407e-01 2.72764018023809417e-02
4.45474333595606120e-01 2.71542357262493199e-02
5.54525666404393935e-01 2.71542357262493199e-02
4.18414968704367840e-01 2.69510307416492914e-02
5.81585031295632104e-01 2.69510307416492914e-02
3.91599085601938013e-01 2.66673932924095802e-02
6.08400914398061987e-01 2.66673932924095802e-02
3.65106713419080631e-01 2.63041698645887188e-02
6.34893286580919369e-01 2.63041698645887188e-02
3.39016915802310692e-01 2.58624444602589092e-02
6.60983084197689363e-01 2.58624444602589092e-02
3.13407554956702805e-01 2.53435353624637087e-02
6.86592445043297195e-01 2.53435353624637087e-02
2.88355059274218062e-01 2.47489912010098387e-02
7.11644940725781883e-01 2.47489912010098387e-02
2.63934195241012137e-01 2.40805863308438707e-02
7.36065804758987863e-01 2.40805863308438707e-02
2.40217844304406181e-01 2.33403155368207514e-02
7.59782155695593819e-01 2.33403155368207514e-02
2.17276785365381642e-01 2.25303880806905811e-02
7.82723214634618358e-01 2.25303880806905811e-02
1.95179483545642296e-01 2.16532211081075995e-02
8.04820516454357704e-01 2.16532211081075995e-02
1.73991885859511530e-01 2.07114324354005508e-02
8.26008114140488470e-01 2.07114324354005508e-02
1.53777224400241108e-01 1.97078327377400615e-02
8.46222775599758892e-01 1.97078327377400615e-02
1.34595827627738363e-01 1.86454171622086606e-02
8.65404172372261637e-01 1.86454171622086606e-02
1.16504940320274919e-01 1.75273563911563096e-02
8.83495059679725081e-01 1.75273563911563096e-02
9.95585527263908587e-02 1.63569871831857894e-02
9.00441447273609086e-01 1.63569871831857894e-02
8.38072394247804664e-02 1.51378024213469995e-02
9.16192760575219589e-01 1.51378024213469995e-02
6.92980083689765380e-02 1.38734407010900999e-02
9.30701991631023517e-01 1.38734407010900999e-02
5.60741605588893077e-02 1.25676754954590596e-02
9.43925839441110748e-01 1.25676754954590596e-02
4.41751607393043866e-02 1.12244039453882199e-02
9.55824839260695613e-01 1.12244039453882199e-02
3.36365194664491329e-02 9.84763534974426001e-03
9.66363480533550812e-01 9.84763534974426001e-03
2.44896867760616144e-02 8.44147951172077513e-03
9.75510313223938441e-01 8.44147951172077513e-03
1.67619574140566718e-02 7.01013539537677800e-03
9.83238042585943273e-01 7.01013539537677800e-03
1.04763866452656229e-02 5.55788186616799473e-03
9.89523613354734377e-01 5.55788186616799473e-03
5.65171117488899588e-03 4.08908003391061665e-03
9.94348288825110949e-01 4.08908003391061665e-03
2.30223816078484189e-03 2.60826673735938984e-03
9.97697761839215103e-01 2.60826673735938984e-03
4.37217187368554860e-04 1.12187693612533106e-03
9.99562782812631445e-01 1.12187693612533106e-03
