4.86576493817028832e-01 2.68405599316674202e-02
5.13423506182971168e-01 2.68405599316674202e-02
4.59768184892928644e-01 2.67631716520291309e-02
5.40231815107071411e-01 2.67631716520291309e-02
4.33075874702266606e-01 2.66086182232895090e-02
5.66924125297733394e-01 2.66086182232895090e-02
4.06576524082119362e-01 2.63773452631854213e-02
5.93423475917880694e-01 2.63773452631854213e-02
3.80346537516923267e-01 2.60700195918349108e-02
6.19653462483076733e-01 2.60700195918349108e-02
3.54461542844445421e-01 2.56875273091428588e-02
6.45538457155554579e-01 2.56875273091428588e-02
3.28996173201002384e-01 2.52309712399765608e-02
6.71003826798997616e-01 2.52309712399765608e-02
3.04023851834623438e-01 2.47016677544811998e-02
6.95976148165376562e-01 2.47016677544811998e-02
2.79616580406580217e-01 2.41011429727088708e-02
7.20383419593419783e-01 2.41011429727088708e-02
2.55844731391640767e-01 2.34311283645131686e-02
7.44155268608359233e-01 2.34311283645131686e-02
2.32776845175576230e-01 2.26935557574098994e-02
7.67223154824423714e-01 2.26935557574098994e-02
2.10479432434887481e-01 2.18905517668201294e-02
7.89520567565112463e-01 2.18905517668201294e-02
1.89016782368460423e-01 2.10244316647910587e-02
8.10983217631539577e-01 2.10244316647910587e-02
1.68450777333937374e-01 2.00976927049338998e-02
8.31549222666062571e-01 2.00976927049338998e-02
1.48840714423045917e-01 1.91130069229292210e-02
8.51159285576954083e-01 1.91130069229292210e-02
1.30243134489978873e-01 1.80732134335436397e-02
8.69756865510021182e-01 1.80732134335436397e-02
1.12711659125173613e-01 1.69813102467080007e-02
8.87288340874826442e-01 1.69813102467080007e-02
9.62968360434559023e-02 1.58404456269046687e-02
9.03703163956544042e-01 1.58404456269046687e-02
8.10459933303133151e-02 1.46539090220802505e-02
9.18954006669686629e-01 1.46539090220802505e-02
6.70031029625962615e-02 1.34251215909909297e-02
9.32996897037403738e-01 1.34251215909909297e-02
5.42086539889848895e-02 1.21576263624819797e-02
9.45791346011015110e-01 1.21576263624819797e-02
4.26995357178237556e-02 1.08550780700731198e-02
9.57300464282176300e-01 1.08550780700731198e-02
3.25089312058703395e-02 9.52123273094670347e-03
9.67491068794129605e-01 9.52123273094670347e-03
2.36662212405654437e-02 8.15993711748548220e-03
9.76333778759434612e-01 8.15993711748548220e-03
1.61968987485379690e-02 6.77511855649440622e-03
9.83803101251462087e-01 6.77511855649440622e-03
1.01224926528248327e-02 5.37077676643938663e-03
9.89877507347175167e-01 5.37077676643938663e-03
5.46049587577868145e-03 3.95098692499933762e-03
9.94539504124221319e-01 3.95098692499933762e-03
2.22426170135453516e-03 2.51999080632512099e-03
9.97775738298645409e-01 2.51999080632512099e-03
4.22399796306704989e-04 1.08386162481372505e-03
9.99577600203693351e-01 1.08386162481372505e-03
