5.00000000000000000e-01 2.63990063109952114e-02
4.73613257955845024e-01 2.63622169295639613e-02
5.26386742044155032e-01 2.63622169295639613e-02
4.47300060491827911e-01 2.62519513239143701e-02
5.52699939508172089e-01 2.62519513239143701e-02
4.21133747206070996e-01 2.60685168241877006e-02
5.78866252793929004e-01 2.60685168241877006e-02
3.95187248303981775e-01 2.58124246954457397e-02
6.04812751696018225e-01 2.58124246954457397e-02
3.69532881328594187e-01 2.54843887126969607e-02
6.30467118671405813e-01 2.54843887126969607e-02
3.44242149598493141e-01 2.50853231714984505e-02
6.55757850401506914e-01 2.50853231714984505e-02
3.19385542915102572e-01 2.46163403396809886e-02
6.80614457084897428e-01 2.46163403396809886e-02
2.95032341094790485e-01 2.40787473573032193e-02
7.04967658905209515e-01 2.40787473573032193e-02
2.71250420873366649e-01 2.34740425934810114e-02
7.28749579126633407e-01 2.34740425934810114e-02
2.48106066721140994e-01 2.28039114702548798e-02
7.51893933278859006e-01 2.28039114702548798e-02
2.25663786095801788e-01 2.20702217651486884e-02
7.74336213904198267e-01 2.20702217651486884e-02
2.03986129647984904e-01 2.12750184055338215e-02
7.96013870352015096e-01 2.12750184055338215e-02
1.83133516880574942e-01 2.04205177693433590e-02
8.16866483119425002e-01 2.04205177693433590e-02
1.63164067747531394e-01 1.95091015080800095e-02
8.36835932252468551e-01 1.95091015080800095e-02
1.44133440661401158e-01 1.85433099094354584e-02
8.55866559338598787e-01 1.85433099094354584e-02
1.26094677360679863e-01 1.75258348182000499e-02
8.73905322639320081e-01 1.75258348182000499e-02
1.09098055068819533e-01 1.64595121355226408e-02
8.90901944931180467e-01 1.64595121355226408e-02
9.31909463558941997e-02 1.53473139180558393e-02
9.06809053644105800e-01 1.53473139180558393e-02
7.84176870915638813e-02 1.41923401002673998e-02
9.21582312908436174e-01 1.41923401002673998e-02
6.48194528535588899e-02 1.29978098656492493e-02
9.35180547146441166e-01 1.29978098656492493e-02
5.24341441282639709e-02 1.17670526968566801e-02
9.47565855871736029e-01 1.17670526968566801e-02
4.12962806059223864e-02 1.05034991442185897e-02
9.58703719394077614e-01 1.05034991442185897e-02
3.14369048232730486e-02 9.21067137680501441e-03
9.68563095176727007e-01 9.21067137680501441e-03
2.28834953115244488e-02 7.89217365654073383e-03
9.77116504688475551e-01 7.89217365654073383e-03
1.56598891591092082e-02 6.55168315317259525e-03
9.84340110840890792e-01 6.55168315317259525e-03
9.78621302164217610e-03 5.19294275049793103e-03
9.90213786978357824e-01 5.19294275049793103e-03
5.27881743313451945e-03 3.81976472674378821e-03
9.94721182566865481e-01 3.81976472674378821e-03
2.15017980837700629e-03 2.43611958413264204e-03
9.97849820191623049e-01 2.43611958413264204e-03
4.08323045352654290e-04 1.04774614227061197e-03
9.99591676954647346e-01 1.04774614227061197e-03
