4.87020113849376102e-01 2.59539388156103216e-02
5.12979886150623954e-01 2.59539388156103216e-02
4.61095333025231702e-01 2.58839715874550902e-02
5.38904666974768243e-01 2.58839715874550902e-02
4.35275432301527487e-01 2.57442257504904709e-02
5.64724567698472457e-01 2.57442257504904709e-02
4.09630017563287319e-01 2.55350780349278099e-02
5.90369982436712681e-01 2.55350780349278099e-02
3.84228224311985334e-01 2.52570922662546903e-02
6.15771775688014666e-01 2.52570922662546903e-02
3.59138531288369145e-01 2.49110178452750901e-02
6.40861468711630855e-01 2.49110178452750901e-02
3.34428575865775901e-01 2.44977877278784208e-02
6.65571424134224099e-01 2.44977877278784208e-02
3.10164971711601012e-01 2.40185159099855911e-02
6.89835028288398933e-01 2.40185159099855911e-02
2.86413129208460793e-01 2.34744944244561007e-02
7.13586870791539152e-01 2.34744944244561007e-02
2.63237079119146455e-01 2.28671898580572394e-02
7.36762920880853489e-01 2.28671898580572394e-02
2.40699299970715153e-01 2.21982393978935599e-02
7.59300700029284847e-01 2.21982393978935599e-02
2.18860549623027756e-01 2.14694464179678197e-02
7.81139450376972189e-01 2.14694464179678197e-02
1.97779701475744807e-01 2.06827756177923802e-02
8.02220298524255249e-01 2.06827756177923802e-02
1.77513585755261494e-01 1.98403477261904007e-02
8.22486414244738562e-01 1.98403477261904007e-02
1.58116836309322273e-01 1.89444337846217184e-02
8.41883163690677727e-01 1.89444337846217184e-02
1.39641743322134804e-01 1.79974490255422510e-02
8.60358256677865141e-01 1.79974490255422510e-02
1.22138112346707184e-01 1.70019463624732116e-02
8.77861887653292872e-01 1.70019463624732116e-02
1.05653130033867948e-01 1.59606095096481611e-02
8.94346869966132108e-01 1.59606095096481611e-02
9.02312369189270935e-02 1.48762457503944703e-02
9.09768763081072906e-01 1.48762457503944703e-02
7.59140076070352054e-02 1.37517783749624006e-02
9.24085992392964739e-01 1.37517783749624006e-02
6.27400386765508689e-02 1.25902388107606202e-02
9.37259961323449131e-01 1.25902388107606202e-02
5.07448445949770233e-02 1.13947584719989101e-02
9.49255155405023032e-01 1.13947584719989101e-02
3.99607619111862489e-02 1.01685603647286397e-02
9.60039238088813751e-01 1.01685603647286397e-02
3.04168619417883868e-02 8.91495050710386025e-03
9.69583138058211613e-01 8.91495050710386025e-03
2.21388720800019256e-02 7.63730929839239858e-03
9.77861127919998019e-01 7.63730929839239858e-03
1.51491056174736238e-02 6.33908323840797969e-03
9.84850894382526376e-01 6.33908323840797969e-03
9.46639912370089709e-03 5.02377859114399184e-03
9.90533600876299047e-01 5.02377859114399184e-03
5.10605238888911517e-03 3.69496558167272792e-03
9.94893947611110940e-01 3.69496558167272792e-03
2.07973744058093102e-03 2.35636496347678415e-03
9.97920262559419013e-01 2.35636496347678415e-03
3.94938386281962206e-04 1.01340598443687901e-03
9.99605061613717982e-01 1.01340598443687901e-03
