5.00000000000000000e-01 2.55405597203931106e-02
4.74470546646012847e-01 2.55072435193486290e-02
5.25529453353987153e-01 2.55072435193486290e-02
4.49007696718862981e-01 2.54073818344091699e-02
5.50992303281137019e-01 2.54073818344091699e-02
4.23677879884592379e-01 2.52412351933987006e-02
5.76322120115407621e-01 2.52412351933987006e-02
3.98547178740970731e-01 2.50092370540891291e-02
6.01452821259029213e-01 2.50092370540891291e-02
3.73681156415473281e-01 2.47119926733677907e-02
6.26318843584526719e-01 2.47119926733677907e-02
3.49144685518484654e-01 2.43502775282057604e-02
6.50855314481515346e-01 2.43502775282057604e-02
3.25001778897966609e-01 2.39250352925477992e-02
6.74998221102033336e-01 2.39250352925477992e-02
3.01315422637121688e-01 2.34373753754045303e-02
6.98684577362878256e-01 2.34373753754045303e-02
2.78147411730734206e-01 2.28885700265729804e-02
7.21852588269265794e-01 2.28885700265729804e-02
2.55558188868873937e-01 2.22800510175417410e-02
7.44441811131126063e-01 2.22800510175417410e-02
2.33606686748537351e-01 2.16134059062480510e-02
7.66393313251462649e-01 2.16134059062480510e-02
2.12350174324584695e-01 2.08903738954442503e-02
7.87649825675415305e-01 2.08903738954442503e-02
1.91844107401039132e-01 2.01128412954991211e-02
8.08155892598960923e-01 2.01128412954991211e-02
1.72141983952464550e-01 1.92828366035040916e-02
8.27858016047535505e-01 1.92828366035040916e-02
1.53295204552754416e-01 1.84025252115774113e-02
8.46704795447245528e-01 1.84025252115774113e-02
1.35352938275267454e-01 1.74742037582666793e-02
8.64647061724732602e-01 1.74742037582666793e-02
1.18361994413843874e-01 1.65002941379537096e-02
8.81638005586156126e-01 1.65002941379537096e-02
1.02366700358820173e-01 1.54833371841986995e-02
8.97633299641179772e-01 1.54833371841986995e-02
8.74087859456700311e-02 1.44259860440917008e-02
9.12591214054329969e-01 1.44259860440917008e-02
7.35272745761682556e-02 1.33309992620754408e-02
9.26472725423831744e-01 1.33309992620754408e-02
6.07583813925594574e-02 1.22012335937720998e-02
9.39241618607440598e-01 1.22012335937720998e-02
4.91354187629994277e-02 1.10396365741595205e-02
9.50864581237000572e-01 1.10396365741595205e-02
3.86887093085223621e-02 9.84923887305058990e-03
9.61311290691477582e-01 9.84923887305058990e-03
2.94455066593194426e-02 8.63314649380687166e-03
9.70554493340680557e-01 8.63314649380687166e-03
2.14299240435079641e-02 7.39453294246895758e-03
9.78570075956492036e-01 7.39453294246895758e-03
1.46628705834085382e-02 6.13663175390605220e-03
9.85337129416591462e-01 6.13663175390605220e-03
9.16199435798148443e-03 4.86273091517806701e-03
9.90838005642018516e-01 4.86273091517806701e-03
4.94162738374148702e-03 3.57617749587454481e-03
9.95058372616258513e-01 3.57617749587454481e-03
2.01270009243986747e-03 2.28046200300620902e-03
9.97987299907560077e-01 2.28046200300620902e-03
3.82201184318253784e-04 9.80726680835141426e-04
9.99617798815681802e-01 9.80726680835141426e-04
