4.87435354289089684e-01 2.51240001876281392e-02
5.12564645710910316e-01 2.51240001876281392e-02
4.62337802251882812e-01 2.50605347845216410e-02
5.37662197748117188e-01 2.50605347845216410e-02
4.37335388192051588e-01 2.49337642974762005e-02
5.62664611807948356e-01 2.49337642974762005e-02
4.12491270375492214e-01 2.47440089598496490e-02
5.87508729624507842e-01 2.47440089598496490e-02
3.87868207197917259e-01 2.44917481102589207e-02
6.12131792802082741e-01 2.44917481102589207e-02
3.63528398651636886e-01 2.41776189817388409e-02
6.36471601348363114e-01 2.41776189817388409e-02
3.39533329202903023e-01 2.38024150920506210e-02
6.60466670797096977e-01 2.38024150920506210e-02
3.15943612476717761e-01 2.33670842392077610e-02
6.84056387523282239e-01 2.33670842392077610e-02
2.92818838141436943e-01 2.28727261072850900e-02
7.07181161858563057e-01 2.28727261072850900e-02
2.70217421379943312e-01 2.23205894885622098e-02
7.29782578620056688e-01 2.23205894885622098e-02
2.48196455327622023e-01 2.17120691290237089e-02
7.51803544672377977e-01 2.17120691290237089e-02
2.26811566849874469e-01 2.10487022051925494e-02
7.73188433150125531e-01 2.10487022051925494e-02
2.06116776023456350e-01 2.03321644412087187e-02
7.93883223976543650e-01 2.03321644412087187e-02
1.86164359676557423e-01 1.95642658759815416e-02
8.13835640323442577e-01 1.95642658759815416e-02
1.67004719332260299e-01 1.87469462911400188e-02
8.32995280667739646e-01 1.87469462911400188e-02
1.48686253888851483e-01 1.78822703113840700e-02
8.51313746111148517e-01 1.78822703113840700e-02
1.31255237358421650e-01 1.69724221897052698e-02
8.68744762641578294e-01 1.69724221897052698e-02
1.14755701972290347e-01 1.60197002908123408e-02
8.85244298027709653e-01 1.60197002908123408e-02
9.92293269480117868e-02 1.50265112869949393e-02
9.00770673051988213e-01 1.50265112869949393e-02
8.47153331979975666e-02 1.39953640816573195e-02
9.15284666802002489e-01 1.39953640816573195e-02
7.12503842439645152e-02 1.29288634770123503e-02
9.28749615756035540e-01 1.29288634770123503e-02
5.88684935840513290e-02 1.18297036043414003e-02
9.41131506415948671e-01 1.18297036043414003e-02
4.76009387394532579e-02 1.07006611388349802e-02
9.52399061260546742e-01 1.07006611388349802e-02
3.74761821818981322e-02 9.54458832928659941e-03
9.62523817818101923e-01 9.54458832928659941e-03
2.85197993038357467e-02 8.36440589508865781e-03
9.71480200696164253e-01 8.36440589508865781e-03
2.07544135130364737e-02 7.16309591190325903e-03
9.79245586486963582e-01 7.16309591190325903e-03
1.41996383141740901e-02 5.94369505850525070e-03
9.85800361685825965e-01 5.94369505850525070e-03
8.87202545138165988e-03 4.70928971421019377e-03
9.91127974548618340e-01 4.70928971421019377e-03
4.78501440535483713e-03 3.46302095091547985e-03
9.95214985594645163e-01 3.46302095091547985e-03
1.94885184186643912e-03 2.20816672846545301e-03
9.98051148158133561e-01 2.20816672846545301e-03
3.70070345611483997e-04 9.49602839756845244e-04
9.99629929654388460e-01 9.49602839756845244e-04
