5.00000000000000000e-01 2.47361833119655108e-02
4.75273906441920191e-01 2.47059165199590910e-02
5.24726093558079865e-01 2.47059165199590910e-02
4.50608321776527376e-01 2.46151902118737810e-02
5.49391678223472679e-01 2.46151902118737810e-02
4.26063606821064034e-01 2.44642264102559910e-02
5.73936393178935966e-01 2.44642264102559910e-02
4.01699826604246635e-01 2.42533945489419207e-02
5.98300173395753365e-01 2.42533945489419207e-02
3.77576603377023312e-01 2.39832105689975691e-02
6.22423396622976743e-01 2.39832105689975691e-02
3.53752970706874281e-01 2.36543356561344613e-02
6.46247029293125719e-01 2.36543356561344613e-02
3.30287229012707795e-01 2.32675746226918487e-02
6.69712770987292205e-01 2.32675746226918487e-02
3.07236802893876060e-01 2.28238739381463086e-02
6.92763197106123885e-01 2.28238739381463086e-02
2.84658100602444231e-01 2.23243194129707015e-02
7.15341899397555769e-01 2.23243194129707015e-02
2.62606376002597841e-01 2.17701335415137996e-02
7.37393623997402159e-01 2.17701335415137996e-02
2.41135593354983357e-01 2.11626725104079108e-02
7.58864406645016643e-01 2.11626725104079108e-02
2.20298295256857513e-01 2.05034228798331997e-02
7.79701704743142487e-01 2.05034228798331997e-02
2.00145474061187378e-01 1.97939979457720516e-02
7.99854525938812566e-01 1.97939979457720516e-02
1.80726447089317288e-01 1.90361337921747809e-02
8.19273552910682712e-01 1.90361337921747809e-02
1.62088735942506945e-01 1.82316850427286410e-02
8.37911264057493055e-01 1.82316850427286410e-02
1.44277950207577110e-01 1.73826203226779413e-02
8.55722049792422945e-01 1.73826203226779413e-02
1.27337675841076303e-01 1.64910174418896709e-02
8.72662324158923752e-01 1.64910174418896709e-02
1.11309368504813821e-01 1.55590583111099093e-02
8.88690631495186123e-01 1.55590583111099093e-02
9.62322521132716324e-02 1.45890236041402600e-02
9.03767747886728312e-01 1.45890236041402600e-02
8.21432228402485531e-02 1.35832871795489706e-02
9.17856777159751447e-01 1.35832871795489706e-02
6.90767588179381220e-02 1.25443102766724900e-02
9.30923241182061822e-01 1.25443102766724900e-02
5.70648357460732947e-02 1.14746355024449697e-02
9.42935164253926761e-01 1.14746355024449697e-02
4.61368486107341935e-02 1.03768806290195394e-02
9.53863151389265806e-01 1.03768806290195394e-02
3.63195396890784172e-02 9.25373223008063572e-03
9.63680460310921583e-01 9.25373223008063572e-03
2.76369329794950991e-02 8.10793920516916962e-03
9.72363067020504901e-01 8.10793920516916962e-03
2.01102751205290420e-02 6.94230630805780461e-03
9.79889724879470903e-01 6.94230630805780461e-03
1.37579826512149728e-02 5.75968803844002092e-03
9.86242017348785027e-01 5.75968803844002092e-03
8.59559470313636664e-03 4.56298433816332803e-03
9.91404405296863578e-01 4.56298433816332803e-03
4.63572655390526167e-03 3.35514588298006788e-03
9.95364273446094794e-01 3.35514588298006788e-03
1.88799361101493757e-03 2.13925417343188099e-03
9.98112006388985007e-01 2.13925417343188099e-03
3.58507985438127896e-04 9.19937297788542101e-04
9.99641492014561872e-01 9.19937297788542101e-04
