4.87824853668287761e-01 2.43454785045698584e-02
5.12175146331712239e-01 2.43454785045698584e-02
4.63503439106100479e-01 2.42877337207517106e-02
5.36496560893899521e-01 2.42877337207517106e-02
4.39268590351939714e-01 2.41723811174014806e-02
5.60731409648060342e-01 2.41723811174014806e-02
4.15177789788003571e-01 2.39996942982291586e-02
5.84822210211996429e-01 2.39996942982291586e-02
3.91288178129996445e-01 2.37700828574151507e-02
6.08711821870003611e-01 2.37700828574151507e-02
3.67656418895616288e-01 2.34840914081050102e-02
6.32343581104383712e-01 2.34840914081050102e-02
3.44338564004894487e-01 2.31423982906572116e-02
6.55661435995105513e-01 2.31423982906572116e-02
3.21389920831165909e-01 2.27458139637090710e-02
6.78610079168834091e-01 2.27458139637090710e-02
2.98864921018004215e-01 2.22952790818782796e-02
7.01135078981995785e-01 2.22952790818782796e-02
2.76816991373267984e-01 2.17918622646617287e-02
7.23183008626732016e-01 2.17918622646617287e-02
2.55298427146473494e-01 2.12367575618267988e-02
7.44701572853526450e-01 2.12367575618267988e-02
2.34360267990052717e-01 2.06312816213117603e-02
7.65639732009947283e-01 2.06312816213117603e-02
2.14052176898683000e-01 1.99768705663601713e-02
7.85947823101317056e-01 1.99768705663601713e-02
1.94422322413803361e-01 1.92750765893078095e-02
8.05577677586196694e-01 1.92750765893078095e-02
1.75517264372671344e-01 1.85275642701200199e-02
8.24482735627328656e-01 1.85275642701200199e-02
1.57381843472883365e-01 1.77361066284411895e-02
8.42618156527116691e-01 1.77361066284411895e-02
1.40059074914194559e-01 1.69025809185707997e-02
8.59940925085805441e-01 1.69025809185707997e-02
1.23590046369734030e-01 1.60289641774257786e-02
8.76409953630265970e-01 1.60289641774257786e-02
1.08013820528329307e-01 1.51173285362012407e-02
8.91986179471670693e-01 1.51173285362012407e-02
9.33673424386012307e-02 1.41698363071297399e-02
9.06632657561398769e-01 1.41698363071297399e-02
7.96853518737098421e-02 1.31887348575273292e-02
9.20314648126290158e-01 1.31887348575273292e-02
6.70003009229536151e-02 1.21763512843554404e-02
9.32999699077046385e-01 1.21763512843554404e-02
5.53422770024429300e-02 1.11350869041916302e-02
9.44657722997557014e-01 1.11350869041916302e-02
4.47389314607485877e-02 1.00674115767650993e-02
9.55261068539251412e-01 1.00674115767650993e-02
3.52154139340302152e-02 8.97585788784867160e-03
9.64784586065969840e-01 8.97585788784867160e-03
2.67943125707986174e-02 7.86301523801235906e-03
9.73205687429201438e-01 7.86301523801235906e-03
1.94956001739731155e-02 6.73152394835932130e-03
9.80504399826026884e-01 6.73152394835932130e-03
1.33365861050445123e-02 5.58406973006556409e-03
9.86663413894955488e-01 5.58406973006556409e-03
8.33187305768701147e-03 4.42337991318197260e-03
9.91668126942312989e-01 4.42337991318197260e-03
4.49331426162785652e-03 3.25222898448918095e-03
9.95506685738372088e-01 3.25222898448918095e-03
1.82994161402233457e-03 2.07351663028123396e-03
9.98170058385977610e-01 2.07351663028123396e-03
3.47479132113914790e-04 8.91640360848216509e-04
9.99652520867886141e-01 8.91640360848216509e-04
